Unnamed: 0,date,Actual_Close,Predicted_Close,Predicted_Win_Lose,open,index,correct_prediction
4358,2022-08-26,405.31,418.5341020408163,-1,419.39,0,1
4359,2022-08-29,402.63,401.37918367346936,-1,402.2,1,0
4360,2022-08-30,398.21,406.3225510204082,1,403.85,2,0
4361,2022-08-31,395.18,399.1138163265306,-1,399.93,3,1
4362,2022-09-01,396.42,392.08818367346936,-1,392.89,4,0
4363,2022-09-02,392.24,399.4631020408163,-1,400.28,5,1
4364,2022-09-06,390.76,392.327693877551,-1,393.13,6,1
4365,2022-09-07,397.78,389.63320408163264,-1,390.43,7,0
4366,2022-09-08,400.38,394.583081632653,-1,395.39,8,0
4367,2022-09-09,406.6,401.918081632653,-1,402.74,9,0
4368,2022-09-12,410.97,407.9457551020408,-1,408.78,10,0
4369,2022-09-13,393.1,401.0099387755102,-1,401.83,11,1
4370,2022-09-14,394.6,393.6649591836735,-1,394.47,12,0
4371,2022-09-15,390.12,392.1580408163265,-1,392.96,13,1
4372,2022-09-16,385.56,386.4918775510204,1,384.14,14,1
4373,2022-09-19,388.55,384.6003673469388,1,382.26,15,1
4374,2022-09-20,384.09,384.2741632653061,-1,385.06,16,1
4375,2022-09-21,377.39,385.32202040816327,-1,386.11,17,1
4376,2022-09-22,374.22,378.8855918367347,1,376.58,18,0
4377,2022-09-23,367.95,369.8237142857143,-1,370.58,19,1
4378,2022-09-26,364.31,368.6533265306123,1,366.41,20,0
4379,2022-09-27,363.38,367.26893877551015,-1,368.02,21,1
4380,2022-09-28,370.53,363.6363673469388,-1,364.38,22,0
4381,2022-09-29,362.79,366.0614081632653,-1,366.81,23,1
4382,2022-09-30,357.18,361.0616326530612,-1,361.8,24,1
4383,2022-10-03,366.61,360.3431020408163,-1,361.08,25,0
4384,2022-10-04,377.97,371.64,-1,372.4,26,0
4385,2022-10-05,377.09,372.6279795918367,-1,373.39,27,0
4386,2022-10-06,373.2,374.8534285714286,-1,375.62,28,1
4387,2022-10-07,362.79,368.217,-1,368.97,29,1
4388,2022-10-10,360.02,363.2172244897959,-1,363.96,30,1
4389,2022-10-11,357.74,357.5039081632653,-1,358.235,31,1
4390,2022-10-12,356.56,357.4390408163265,-1,358.17,32,1
4391,2022-10-13,365.97,348.4923367346939,-1,349.205,33,0
4392,2022-10-14,357.63,370.8064285714286,1,368.55,34,0
4393,2022-10-17,366.82,363.2671224489796,-1,364.01,35,0
4394,2022-10-18,371.13,374.36442857142856,-1,375.13,36,1
4395,2022-10-19,368.5,368.2369591836735,-1,368.99,37,1
4396,2022-10-20,365.41,367.2789183673469,-1,368.03,38,1
4397,2022-10-21,374.29,364.37485714285714,-1,365.12,39,0
4398,2022-10-24,378.87,375.1228775510204,-1,375.89,40,0
4399,2022-10-25,384.92,378.0169591836735,-1,378.79,41,0
4400,2022-10-26,382.02,380.8411836734694,-1,381.62,42,0
4401,2022-10-27,379.98,382.2882244897959,-1,383.07,43,1
4402,2022-10-28,389.02,379.0947551020408,-1,379.87,44,0
4403,2022-10-31,386.21,388.8059591836735,1,386.44,45,0
4404,2022-11-01,384.52,389.3437959183673,-1,390.14,46,1
4405,2022-11-02,374.87,383.1165306122448,-1,383.9,47,1
4406,2022-11-03,371.01,370.70690816326527,-1,371.465,48,1
4407,2022-11-04,376.35,376.23061224489794,-1,377.0,49,1
4408,2022-11-07,379.95,376.9391632653061,-1,377.71,50,0
4409,2022-11-08,382.0,380.3322244897959,-1,381.11,51,0
4410,2022-11-09,374.13,379.1546326530613,-1,379.93,52,1
4411,2022-11-10,394.69,387.2580612244898,-1,388.05,53,0
4412,2022-11-11,398.51,394.7826734693877,-1,395.59,54,0
4413,2022-11-14,395.12,395.8504897959184,-1,396.66,55,1
4414,2022-11-15,398.49,400.3313265306122,-1,401.15,56,1
4415,2022-11-16,395.45,395.9702448979592,-1,396.78,57,1
4416,2022-11-17,394.24,392.8505714285714,1,390.46,58,1
4417,2022-11-18,396.03,400.1751428571429,1,397.74,59,0
4418,2022-11-21,394.59,393.8346122448979,-1,394.64,60,1
4419,2022-11-22,399.9,399.0583469387755,1,396.63,61,1
4420,2022-11-23,402.42,398.7345918367347,-1,399.55,62,0
4421,2022-11-25,402.33,401.0099387755102,-1,401.83,63,0
4422,2022-11-28,395.91,398.2755306122448,-1,399.09,64,1
4423,2022-11-29,395.23,395.2417346938776,-1,396.05,65,1
4424,2022-11-30,407.68,397.9113673469388,1,395.49,66,1
4425,2022-12-01,407.38,411.27267346938777,1,408.77,67,0
4426,2022-12-02,406.91,401.429081632653,-1,402.25,68,0
4427,2022-12-05,399.59,406.4231632653061,1,403.95,69,0
4428,2022-12-06,393.83,398.6048571428572,-1,399.42,70,1
4429,2022-12-07,393.16,395.34575510204087,1,392.94,71,1
4430,2022-12-08,396.24,394.3335918367347,-1,395.14,72,0
4431,2022-12-09,393.28,394.134,-1,394.94,73,1
4432,2022-12-12,398.95,393.3056938775511,-1,394.11,74,0
4433,2022-12-13,401.97,409.3828163265306,-1,410.22,75,1
4434,2022-12-14,399.4,400.790387755102,-1,401.61,76,1
4435,2022-12-15,389.63,393.495306122449,-1,394.3,77,1
4436,2022-12-16,383.27,384.3939183673469,-1,385.18,78,1
4437,2022-12-19,380.02,382.6874081632653,-1,383.47,79,1
4438,2022-12-20,380.54,381.5518163265307,1,379.23,80,1
4439,2022-12-21,386.23,385.5964285714286,1,383.25,81,1
4440,2022-12-22,380.72,382.2682653061224,-1,383.05,82,1
4441,2022-12-23,382.91,378.8752040816326,-1,379.65,83,0
4442,2022-12-27,381.4,382.00879591836735,-1,382.79,84,1
4443,2022-12-28,376.66,380.551775510204,-1,381.33,85,1
4444,2022-12-29,383.44,381.95426530612247,1,379.63,86,1
4445,2022-12-30,382.43,382.9704489795919,1,380.64,87,1
4446,2023-01-03,380.82,383.5855714285714,-1,384.37,88,1
4447,2023-01-04,383.76,382.398,-1,383.18,89,0
4448,2023-01-05,379.38,384.0570612244898,1,381.72,90,0
4449,2023-01-06,388.08,381.8291632653061,-1,382.61,91,0
4450,2023-01-09,387.86,392.7600204081633,1,390.37,92,0
4451,2023-01-10,390.58,386.459693877551,-1,387.25,93,0
4452,2023-01-11,395.52,394.63140816326535,1,392.23,94,1
4453,2023-01-12,396.96,395.86046938775513,-1,396.67,95,0
4454,2023-01-13,398.5,392.816693877551,-1,393.62,96,0
4455,2023-01-17,397.77,400.9196734693878,1,398.48,97,0
4456,2023-01-18,391.49,398.195693877551,-1,399.01,98,1
4457,2023-01-19,388.64,391.7438367346939,1,389.36,99,0
4458,2023-01-20,395.88,389.3038775510204,-1,390.1,100,0
4459,2023-01-23,400.63,399.1488979591837,1,396.72,101,1
4460,2023-01-24,400.2,398.06595918367344,-1,398.88,102,0
4461,2023-01-25,400.35,395.1419387755102,-1,395.95,103,0
4462,2023-01-26,404.75,402.3072857142857,-1,403.13,104,0
4463,2023-01-27,405.68,402.8312142857142,-1,403.655,105,0
4464,2023-01-30,400.59,401.9779591836735,-1,402.8,106,1
4465,2023-01-31,406.48,400.3113673469388,-1,401.13,107,0
4466,2023-02-01,410.8,407.6918836734694,1,405.211,108,1
4467,2023-02-02,416.78,414.0133469387755,-1,414.86,109,0
4468,2023-02-03,412.35,410.7500204081632,-1,411.59,110,0
4469,2023-02-06,409.83,408.953693877551,-1,409.79,111,0
4470,2023-02-07,415.19,408.0355714285714,-1,408.87,112,0
4471,2023-02-08,410.65,415.6593673469388,1,413.13,113,0
4472,2023-02-09,407.09,413.5642653061225,-1,414.41,114,1
4473,2023-02-10,408.04,408.3448571428572,1,405.86,115,1
4474,2023-02-13,412.83,407.8858775510204,-1,408.72,116,0
4475,2023-02-14,412.64,410.4007346938776,-1,411.24,117,0
4476,2023-02-15,413.98,409.5125510204082,-1,410.35,118,0
4477,2023-02-16,408.28,407.9557346938776,-1,408.79,119,1
4478,2023-02-17,407.26,405.231306122449,-1,406.06,120,0
4479,2023-02-21,399.09,402.23742857142855,-1,403.06,121,1
4480,2023-02-22,398.54,398.70465306122446,-1,399.52,122,1
4481,2023-02-23,400.66,404.01853061224494,1,401.56,123,0
4482,2023-02-24,396.38,397.8409387755103,1,395.42,124,1
4483,2023-02-27,397.73,402.31818367346943,1,399.87,125,0
4484,2023-02-28,396.26,396.4193265306122,-1,397.23,126,1
4485,2023-03-01,394.74,397.8308775510205,1,395.41,127,0
4486,2023-03-02,397.81,391.878612244898,-1,392.68,128,0
4487,2023-03-03,404.19,402.15720408163264,1,399.71,129,1
4488,2023-03-06,404.47,404.2233673469388,-1,405.05,130,1
4489,2023-03-07,398.27,403.5946530612245,-1,404.42,131,1
4490,2023-03-08,398.92,397.5769591836735,-1,398.39,132,0
4491,2023-03-09,391.56,398.92420408163264,-1,399.74,133,1
4492,2023-03-10,385.91,390.1920612244898,-1,390.99,134,1
4493,2023-03-13,385.36,381.03079591836735,-1,381.81,135,0
4494,2023-03-14,391.73,389.7030612244898,-1,390.5,136,0
4495,2023-03-15,389.28,385.1024693877551,-1,385.89,137,0
4496,2023-03-16,396.11,386.0305714285714,-1,386.82,138,0
4497,2023-03-17,389.99,392.4175102040816,-1,393.22,139,1
4498,2023-03-20,393.74,390.0024489795919,-1,390.8,140,0
4499,2023-03-21,398.91,396.42930612244896,-1,397.24,141,0
4500,2023-03-22,392.11,397.91626530612245,-1,398.73,142,1
4501,2023-03-23,393.17,394.283693877551,-1,395.09,143,1
4502,2023-03-24,395.75,391.0413244897959,-1,391.841,144,0
4503,2023-03-27,396.49,397.3075102040816,-1,398.12,145,1
4504,2023-03-28,395.6,394.962306122449,-1,395.77,146,1
4505,2023-03-29,401.35,402.3735204081633,1,399.925,147,1
4506,2023-03-30,403.7,406.5640204081633,1,404.09,148,0
4507,2023-03-31,409.39,403.8341632653061,-1,404.66,149,0
4508,2023-04-03,410.95,411.3531632653062,1,408.85,150,1
4509,2023-04-04,408.67,410.77995918367344,-1,411.62,151,1
4510,2023-04-05,407.6,407.0775306122449,-1,407.91,152,1
4511,2023-04-06,409.19,409.2604285714286,1,406.77,153,1
4512,2023-04-10,409.61,409.0994489795919,1,406.61,154,1
4513,2023-04-11,409.72,409.4227346938776,-1,410.26,155,1
4514,2023-04-12,408.05,411.0294489795919,-1,411.87,156,1
4515,2023-04-13,413.47,411.6851836734695,1,409.18,157,1
4516,2023-04-14,412.46,415.33740816326537,1,412.81,158,0
4517,2023-04-17,413.94,411.52842857142855,-1,412.37,159,0
4518,2023-04-18,414.21,418.1243673469388,1,415.58,160,0
4519,2023-04-19,414.14,411.3787346938776,-1,412.22,161,0
4520,2023-04-20,411.88,413.727612244898,1,411.21,162,1
4521,2023-04-21,412.2,411.3487959183673,-1,412.19,163,0
4522,2023-04-24,412.63,411.1492040816327,-1,411.99,164,0
4523,2023-04-25,406.08,413.0937551020408,1,410.58,165,0
4524,2023-04-26,404.36,405.8899591836735,-1,406.72,166,1
4525,2023-04-27,412.41,409.4918367346939,1,407.0,167,1
4526,2023-04-28,415.93,414.0093265306122,1,411.49,168,1
4527,2023-05-01,415.51,414.62210204081634,-1,415.47,169,0
4528,2023-05-02,410.84,413.92353061224486,-1,414.77,170,1
4529,2023-05-03,408.02,410.5204897959184,-1,411.36,171,1
4530,2023-05-04,405.13,409.42140816326537,1,406.93,172,0
4531,2023-05-05,412.63,411.4135306122449,1,408.91,173,1
4532,2023-05-08,412.74,415.4983877551021,1,412.97,174,0
4533,2023-05-09,410.93,410.2909591836735,-1,411.13,175,1
4534,2023-05-10,412.85,416.4139591836735,1,413.88,176,0
4535,2023-05-11,412.13,411.1092857142857,-1,411.95,177,0
4536,2023-05-12,411.59,415.9511428571429,1,413.42,178,0
4537,2023-05-15,413.01,411.3787346938776,-1,412.22,179,0
4538,2023-05-16,410.25,414.38159183673474,1,411.86,180,0
4539,2023-05-17,415.23,411.5084693877551,-1,412.35,181,0
4540,2023-05-18,419.23,417.4402040816327,1,414.9,182,1
4541,2023-05-19,418.62,419.31251020408166,-1,420.17,183,1
4542,2023-05-22,418.79,417.7856326530612,-1,418.64,184,0
4543,2023-05-23,414.09,419.63355102040816,1,417.08,185,0
4544,2023-05-24,411.09,411.5783265306122,-1,412.42,186,1
4545,2023-05-25,414.65,417.279224489796,1,414.74,187,0
4546,2023-05-26,420.02,417.8728367346939,1,415.33,188,1
4547,2023-05-30,420.18,421.1687142857143,-1,422.03,189,1
4548,2023-05-31,417.85,417.4263673469387,-1,418.28,190,1
4549,2023-06-01,421.82,420.6497346938776,1,418.09,191,1
4550,2023-06-02,427.92,427.0989795918368,1,424.5,192,1
4551,2023-06-05,427.1,427.4059591836734,-1,428.28,193,1
4552,2023-06-06,428.03,425.7992448979592,-1,426.67,194,0
4553,2023-06-07,426.55,431.0631020408164,1,428.44,195,0
4554,2023-06-08,429.13,425.7493469387755,-1,426.62,196,0
4555,2023-06-09,429.9,432.5924081632653,1,429.96,197,0
4556,2023-06-12,433.8,430.0405714285714,-1,430.92,198,0
4557,2023-06-13,436.66,434.4315918367347,-1,435.32,199,0
4558,2023-06-14,437.18,436.11814285714286,-1,437.01,200,0
4559,2023-06-15,442.6,435.4395306122449,-1,436.33,201,0
4560,2023-06-16,439.46,445.7323673469388,1,443.02,202,0
4561,2023-06-20,437.18,436.5572448979592,-1,437.45,203,1
4562,2023-06-21,434.94,438.8303673469388,1,436.16,204,0
4563,2023-06-22,436.51,436.6068367346939,1,433.95,205,1
4564,2023-06-23,433.21,435.5805918367348,1,432.93,206,1
4565,2023-06-26,431.44,431.7371020408163,-1,432.62,207,1
4566,2023-06-27,436.17,431.4676530612245,-1,432.35,208,0
4567,2023-06-28,436.39,434.1621428571429,-1,435.05,209,0
4568,2023-06-29,438.11,435.07028571428566,-1,435.96,210,0
4569,2023-06-30,443.28,440.5391020408163,-1,441.44,211,0
4570,2023-07-03,443.79,442.0160816326531,-1,442.92,212,0
4571,2023-07-05,443.13,441.0081428571429,-1,441.91,213,0
4572,2023-07-06,439.66,438.523224489796,-1,439.42,214,0
4573,2023-07-07,438.55,437.7348367346939,-1,438.63,215,1
4574,2023-07-10,439.66,440.8627346938776,1,438.18,216,1
4575,2023-07-11,442.46,439.5511224489796,-1,440.45,217,0
4576,2023-07-12,446.02,445.479,-1,446.39,218,1
4577,2023-07-13,449.56,446.9859183673469,-1,447.9,219,0
4578,2023-07-14,449.28,453.23301020408167,1,450.475,220,0
4579,2023-07-17,450.84,448.2134081632653,-1,449.13,221,0
4580,2023-07-18,454.19,453.25816326530617,1,450.5,222,1
4581,2023-07-19,455.2,454.0814081632653,-1,455.01,223,0
4582,2023-07-20,452.18,453.2431224489796,-1,454.17,224,1
4583,2023-07-21,452.18,453.03355102040814,-1,453.96,225,1
4584,2023-07-24,454.2,456.1457346938776,1,453.37,226,1
4585,2023-07-25,455.44,456.6991020408164,1,453.92,227,1
4586,2023-07-26,455.51,453.5425102040816,-1,454.47,228,0
4587,2023-07-27,452.49,458.0832244897959,-1,459.02,229,1
4588,2023-07-28,456.92,454.9496326530612,-1,455.88,230,0
4589,2023-07-31,457.79,460.2104693877552,1,457.41,231,1
4590,2023-08-01,456.48,455.3388367346938,-1,456.27,232,0
4591,2023-08-02,450.13,452.325,-1,453.25,233,1
4592,2023-08-03,448.84,447.1256326530613,-1,448.04,234,0
4593,2023-08-04,446.81,453.4795102040817,1,450.72,235,0
4594,2023-08-07,450.71,447.7942653061224,-1,448.71,236,0
4595,2023-08-08,448.75,450.8233469387755,1,448.08,237,1
4596,2023-08-09,445.75,448.1136122448979,-1,449.03,238,1
4597,2023-08-10,445.91,447.2753265306122,-1,448.19,239,1
4598,2023-08-11,445.65,446.68818367346944,1,443.97,240,1
4599,2023-08-14,448.11,447.4226530612245,1,444.7,241,1
4600,2023-08-15,442.89,445.3592448979592,-1,446.27,242,1
4601,2023-08-16,439.64,441.5570204081632,-1,442.46,243,1
4602,2023-08-17,436.29,443.8609795918368,1,441.16,244,0
4603,2023-08-18,436.5,436.02328571428575,1,433.37,245,1
4604,2023-08-21,439.34,440.2288775510205,1,437.55,246,1
4605,2023-08-22,438.15,440.2796326530613,-1,441.18,247,1
4606,2023-08-23,443.03,438.3535714285714,-1,439.25,248,0
4607,2023-08-24,436.89,447.4125918367348,1,444.69,249,0
4608,2023-08-25,439.97,437.7847346938776,-1,438.68,250,0
4609,2023-08-28,442.76,441.3374693877551,-1,442.24,251,0
4610,2023-08-29,449.16,441.7466326530612,-1,442.65,252,0
4611,2023-08-30,451.01,448.5926326530612,-1,449.51,253,0
4612,2023-08-31,450.35,450.7282653061224,-1,451.65,254,1
4613,2023-09-01,451.19,452.2451632653061,-1,453.17,255,1
4614,2023-09-05,449.24,453.4895714285715,1,450.73,256,0
4615,2023-09-06,446.22,451.14530612244897,1,448.4,257,0
4616,2023-09-07,444.85,445.822918367347,1,443.11,258,1
4617,2023-09-08,445.52,447.6238775510204,1,444.9,259,1
4618,2023-09-11,448.45,447.3252244897959,-1,448.24,260,0
4619,2023-09-12,445.99,446.0378571428571,-1,446.95,261,1
4620,2023-09-13,446.51,445.3093469387756,-1,446.22,262,0
4621,2023-09-14,450.36,451.8194081632653,1,449.07,263,1
4622,2023-09-15,443.37,446.2274693877551,-1,447.14,264,1
4623,2023-09-18,443.63,442.1458163265306,-1,443.05,265,0
4624,2023-09-19,442.71,445.39028571428577,1,442.68,266,1
4625,2023-09-20,438.64,443.1038571428571,-1,444.01,267,1
4626,2023-09-21,431.39,438.3675510204082,1,435.7,268,0
4627,2023-09-22,430.42,435.0976530612245,1,432.45,269,0
4628,2023-09-25,432.23,431.7975714285715,1,429.17,270,1
4629,2023-09-26,425.88,431.71708163265305,1,429.09,271,0
4630,2023-09-27,426.05,426.218387755102,-1,427.09,272,1
4631,2023-09-28,428.52,428.0849795918368,1,425.48,273,1
4632,2023-09-29,427.48,434.3128775510205,1,431.67,274,0
4633,2023-10-02,427.31,425.7493469387755,-1,426.62,275,0
4634,2023-10-03,421.59,427.66240816326535,1,425.06,276,0
4635,2023-10-04,424.66,421.2086326530612,-1,422.07,277,0
4636,2023-10-05,424.5,426.9581224489796,1,424.36,278,1
4637,2023-10-06,429.54,421.1088367346939,-1,421.97,279,0
4638,2023-10-09,432.29,430.1978367346939,1,427.58,280,1
4639,2023-10-10,434.54,432.05644897959183,-1,432.94,281,0
4640,2023-10-11,436.32,434.7509387755102,-1,435.64,282,0
4641,2023-10-12,433.66,436.0582653061225,-1,436.95,283,1
4642,2023-10-13,431.5,437.87455102040815,1,435.21,284,0
4643,2023-10-16,436.04,436.4760408163265,1,433.82,285,1
4644,2023-10-17,436.02,435.4598571428572,1,432.81,286,1
4645,2023-10-18,430.21,433.3038979591837,-1,434.19,287,1
4646,2023-10-19,426.43,430.0705102040816,-1,430.95,288,1
4647,2023-10-20,421.19,428.58804081632655,1,425.98,289,0
4648,2023-10-23,420.46,422.17904081632656,1,419.61,290,1
4649,2023-10-24,423.63,425.2376530612245,1,422.65,291,1
4650,2023-10-25,417.55,421.029,-1,421.89,292,1
4651,2023-10-26,412.55,415.6001020408163,-1,416.45,293,1
4652,2023-10-27,410.68,416.7258571428572,1,414.19,294,0
4653,2023-10-30,415.59,416.092,1,413.56,295,1
4654,2023-10-31,418.2,418.72804081632654,1,416.18,296,1
4655,2023-11-01,422.66,418.3444897959183,-1,419.2,297,0
4656,2023-11-02,430.76,425.7094285714285,-1,426.58,298,0
4657,2023-11-03,434.69,432.2560408163265,-1,433.14,299,0
4658,2023-11-06,435.69,434.58128571428574,-1,435.47,300,0
4659,2023-11-07,436.93,434.80083673469386,-1,435.69,301,0
4660,2023-11-08,437.25,440.2288775510205,1,437.55,302,0
4661,2023-11-09,433.84,437.5352448979592,-1,438.43,303,1
4662,2023-11-10,440.61,438.6492653061225,1,435.98,304,1
4663,2023-11-13,440.19,441.91916326530617,1,439.23,305,1
4664,2023-11-14,448.73,445.40914285714285,-1,446.32,306,0
4665,2023-11-15,449.68,449.1914081632653,-1,450.11,307,1
4666,2023-11-16,450.23,448.3032244897959,-1,449.22,308,0
4667,2023-11-17,450.79,452.9965714285715,1,450.24,309,1
4668,2023-11-20,454.26,449.61055102040814,-1,450.53,310,0
4669,2023-11-21,453.27,452.2593342857143,-1,453.1842,311,0
4670,2023-11-22,455.02,454.0514693877551,-1,454.98,312,0
4671,2023-11-24,455.3,457.85614285714286,1,455.07,313,1
4672,2023-11-27,454.48,453.7221428571429,-1,454.65,314,1
4673,2023-11-28,454.93,453.15330612244895,-1,454.08,315,0
4674,2023-11-29,454.61,456.2170408163265,-1,457.15,316,1
4675,2023-11-30,456.4,454.5504489795919,-1,455.48,317,0
4676,2023-12-01,459.1,458.5604285714286,1,455.77,318,1
4677,2023-12-04,456.69,454.6702040816327,-1,455.6,319,0
4678,2023-12-05,456.6,454.3308979591836,-1,455.26,320,0
4679,2023-12-06,454.76,457.8736530612245,-1,458.81,321,1
4680,2023-12-07,458.23,455.9775306122449,-1,456.91,322,0
4681,2023-12-08,460.2,460.2607755102041,1,457.46,323,1
4682,2023-12-11,461.99,458.7518571428572,-1,459.69,324,0
4683,2023-12-12,464.1,460.68789795918366,-1,461.63,325,0
4684,2023-12-13,470.5,463.54206122448977,-1,464.49,326,0
4685,2023-12-14,472.01,471.5357142857143,-1,472.5,327,1
4686,2023-12-15,469.33,468.5318571428571,-1,469.49,328,1
4687,2023-12-18,471.97,473.8635510204082,1,470.98,329,1
4688,2023-12-19,474.84,471.56565306122445,-1,472.53,330,0
4689,2023-12-20,468.26,472.9927346938776,-1,473.96,331,1
4690,2023-12-21,472.7,470.3681020408163,-1,471.33,332,0
4691,2023-12-22,473.65,476.7611836734694,1,473.86,333,0
4692,2023-12-26,475.65,473.1025102040816,-1,474.07,334,0
4693,2023-12-27,476.51,474.4697142857143,-1,475.44,335,0
4694,2023-12-28,476.69,475.90677551020406,-1,476.88,336,1
4695,2023-12-29,475.31,475.5175714285714,-1,476.49,337,1
4696,2024-01-02,472.65,471.19640816326535,-1,472.16,338,0
4697,2024-01-03,468.79,473.3101836734695,1,470.43,339,0
4698,2024-01-04,467.28,467.3442857142857,-1,468.3,340,1
4699,2024-01-05,467.92,470.3521836734694,1,467.49,341,1
4700,2024-01-08,474.6,467.47402040816326,-1,468.43,342,0
4701,2024-01-09,473.88,470.907,-1,471.87,343,0
4702,2024-01-10,476.56,473.19232653061226,-1,474.16,344,0
4703,2024-01-11,476.35,476.6153265306122,-1,477.59,345,1
4704,2024-01-12,476.68,476.86481632653056,-1,477.84,346,1
4705,2024-01-16,474.93,478.1697551020408,1,475.26,347,0
4706,2024-01-17,472.29,474.7086938775511,1,471.82,348,1
4707,2024-01-18,476.49,473.0426326530612,-1,474.01,349,0
4708,2024-01-19,482.43,476.6752040816326,-1,477.65,350,0
4709,2024-01-22,483.45,483.0222244897959,-1,484.01,351,1
4710,2024-01-23,484.86,483.0222244897959,-1,484.01,352,0
4711,2024-01-24,485.39,490.7965918367347,1,487.81,353,0
4712,2024-01-25,488.03,486.5799489795918,-1,487.575,354,0
4713,2024-01-26,487.41,490.5752448979592,1,487.59,355,0
4714,2024-01-29,491.27,486.7346326530612,-1,487.73,356,0
4715,2024-01-30,490.89,489.5588571428571,-1,490.56,357,0
4716,2024-01-31,482.88,487.6228163265306,-1,488.62,358,1
4717,2024-02-01,489.2,483.64095918367343,-1,484.63,359,0
4718,2024-02-02,494.35,492.6478571428572,1,489.65,360,1
4719,2024-02-05,492.55,492.6874591836735,-1,493.695,361,1
4720,2024-02-06,493.98,492.5128163265306,-1,493.52,362,0
4721,2024-02-07,498.1,499.3285102040817,1,496.29,363,1
4722,2024-02-08,498.32,497.0834693877551,-1,498.1,364,0
4723,2024-02-09,501.2,497.8219591836734,-1,498.84,365,0
4724,2024-02-12,500.98,500.1472040816327,-1,501.17,366,1
4725,2024-02-13,494.08,493.5207551020408,-1,494.53,367,1
4726,2024-02-14,498.57,495.7761428571429,-1,496.79,368,0
4727,2024-02-15,502.01,502.3468775510205,1,499.29,369,1
4728,2024-02-16,499.51,500.6761224489796,-1,501.7,370,1
4729,2024-02-20,496.76,496.7042448979592,-1,497.72,371,1
4730,2024-02-21,497.21,498.4531836734694,1,495.42,372,1
4731,2024-02-22,507.5,507.0957755102041,1,504.01,373,1
4732,2024-02-23,507.85,508.2306734693877,-1,509.27,374,1
4733,2024-02-26,505.99,507.2626530612245,-1,508.3,375,1
4734,2024-02-27,506.93,509.8022448979592,1,506.7,376,1
4735,2024-02-28,506.26,508.4238571428572,1,505.33,377,1
4736,2024-02-29,508.08,507.0331224489796,-1,508.07,378,0
4737,2024-03-01,512.85,507.9412653061224,-1,508.98,379,0
4738,2024-03-04,512.3,515.1648775510204,1,512.03,380,1
4739,2024-03-05,507.18,509.198693877551,-1,510.24,381,1
4740,2024-03-06,509.75,509.5080612244898,-1,510.55,382,1
4741,2024-03-07,514.81,516.2816734693878,1,513.14,383,1
4742,2024-03-08,511.72,518.6158775510205,1,515.46,384,0
4743,2024-03-11,511.28,509.4382040816327,-1,510.48,385,0
4744,2024-03-12,516.78,516.5935714285715,1,513.45,386,1
4745,2024-03-13,515.97,516.0546734693878,-1,517.11,387,1
4746,2024-03-14,514.95,515.9149591836734,-1,516.97,388,1
4747,2024-03-15,509.83,513.3337346938775,1,510.21,389,0
4748,2024-03-18,512.86,517.1469387755102,1,514.0,390,0
4749,2024-03-19,515.71,511.1047959183673,-1,512.15,391,0
4750,2024-03-20,520.48,518.9277755102041,1,515.77,392,1
4751,2024-03-21,522.2,522.3218571428571,-1,523.39,393,1
4752,2024-03-22,521.21,521.0444693877552,-1,522.11,394,1
4753,2024-03-25,519.77,522.9824489795918,1,519.8,395,0
4754,2024-03-26,518.81,524.4212040816327,1,521.23,396,0
4755,2024-03-27,523.17,520.6452857142857,-1,521.71,397,0
4756,2024-03-28,523.07,526.4133265306123,1,523.21,398,0
4757,2024-04-01,522.16,522.7609591836735,-1,523.83,399,1
4758,2024-04-02,518.84,517.1823673469388,-1,518.24,400,0
4759,2024-04-03,519.41,520.8897142857144,1,517.72,401,1
4760,2024-04-04,513.07,522.4515918367347,-1,523.52,402,1
4761,2024-04-05,518.43,513.410081632653,-1,514.46,403,0
4762,2024-04-08,518.72,518.0905102040816,-1,519.15,404,1
4763,2024-04-09,519.32,519.4377551020408,-1,520.5,405,1
4764,2024-04-10,514.12,516.6237551020408,1,513.48,406,1
4765,2024-04-11,518.0,518.8372244897959,1,515.68,407,1
4766,2024-04-12,510.85,513.3202653061225,-1,514.37,408,1
4767,2024-04-15,504.45,514.0787142857142,-1,515.13,409,1
4768,2024-04-16,503.53,508.0314693877551,1,504.94,410,0
4769,2024-04-17,500.55,505.0172448979592,-1,506.05,411,1
4770,2024-04-18,499.52,505.0533469387756,1,501.98,412,0
4771,2024-04-19,495.16,502.4977959183674,1,499.44,413,0
4772,2024-04-22,499.72,500.87793877551024,1,497.83,414,1
4773,2024-04-23,505.65,504.8521224489796,1,501.78,415,1
4774,2024-04-24,505.41,505.5262040816327,-1,506.56,416,1
4775,2024-04-25,503.49,498.16126530612246,-1,499.18,417,0
4776,2024-04-26,508.26,509.4501020408164,1,506.35,418,1
4777,2024-04-29,510.06,509.049,-1,510.09,419,1
4778,2024-04-30,501.98,507.5221224489796,-1,508.56,420,1
4779,2024-05-01,500.35,504.4496734693878,1,501.38,421,0
4780,2024-05-02,505.03,507.2366326530613,1,504.15,422,1
4781,2024-05-03,511.29,510.1168163265306,-1,511.16,423,0
4782,2024-05-06,516.57,516.8954081632653,1,513.75,424,1
4783,2024-05-07,517.14,516.5037551020407,-1,517.56,425,1
4784,2024-05-08,517.19,514.2084489795918,-1,515.26,426,0
4785,2024-05-09,520.17,520.5476326530612,1,517.38,427,1
4786,2024-05-10,520.84,520.745081632653,-1,521.81,428,1
4787,2024-05-13,520.91,521.4935510204081,-1,522.56,429,1
4788,2024-05-14,523.3,524.3004693877551,1,521.11,430,1
4789,2024-05-15,529.78,529.0493673469389,1,525.83,431,1
4790,2024-05-16,528.69,528.798612244898,-1,529.88,432,1
4791,2024-05-17,529.45,527.7307959183673,-1,528.81,433,0
4792,2024-05-20,530.06,532.8122653061225,1,529.57,434,1
4793,2024-05-21,531.36,528.1998367346938,-1,529.28,435,0
4794,2024-05-22,529.83,529.5670408163265,-1,530.65,436,1
4795,2024-05-23,525.96,531.8723265306122,-1,532.96,437,1
4796,2024-05-24,529.44,531.0817346938776,1,527.85,438,1
4797,2024-05-28,529.81,533.5165510204082,1,530.27,439,0
4798,2024-05-29,526.1,524.6071836734693,-1,525.68,440,0
4799,2024-05-30,522.61,527.7313469387756,1,524.52,441,0
4800,2024-05-31,527.37,522.5214489795918,-1,523.59,442,0
4801,2024-06-03,527.8,532.2588979591837,1,529.02,443,0
4802,2024-06-04,528.39,525.3855918367348,-1,526.46,444,0
4803,2024-06-05,534.67,534.019612244898,1,530.77,445,1
4804,2024-06-06,534.66,533.8882040816327,-1,534.98,446,1
4805,2024-06-07,534.01,532.5708979591836,-1,533.66,447,0
4806,2024-06-10,535.66,536.4443673469387,1,533.18,448,1
4807,2024-06-11,536.95,532.9800612244899,-1,534.07,449,0
4808,2024-06-12,541.36,540.5246326530612,-1,541.63,450,1
4809,2024-06-13,542.45,542.0415306122449,-1,543.15,451,1
4810,2024-06-14,542.78,539.7761632653061,-1,540.88,452,0
4811,2024-06-17,547.1,545.3988571428572,1,542.08,453,1
4812,2024-06-18,548.49,546.0433469387755,-1,547.16,454,0
4813,2024-06-20,547.0,548.318693877551,-1,549.44,455,1
4814,2024-06-21,544.51,543.2889795918367,-1,544.4,456,0
4815,2024-06-24,542.74,547.6626326530613,1,544.33,457,0
4816,2024-06-25,544.83,542.8798163265307,-1,543.99,458,0
4817,2024-06-26,545.51,542.5804285714286,-1,543.69,459,0
4818,2024-06-27,546.37,544.257,-1,545.37,460,0
4819,2024-06-28,544.22,546.0433469387755,-1,547.16,461,1
4820,2024-07-01,545.34,544.5164693877551,-1,545.63,462,1
4821,2024-07-02,549.01,547.0287755102041,1,543.7,463,1
4822,2024-07-03,551.46,552.0493265306123,1,548.69,464,1
4823,2024-07-05,554.64,550.6439387755102,-1,551.77,465,0
4824,2024-07-08,555.28,554.3064489795919,-1,555.44,466,1
4825,2024-07-09,555.82,555.124775510204,-1,556.26,467,1
4826,2024-07-10,561.32,560.4806326530613,1,557.07,468,1
4827,2024-07-11,556.48,560.2942040816326,-1,561.44,469,1
4828,2024-07-12,559.99,556.4919795918368,-1,557.63,470,0
4829,2024-07-15,561.53,565.471,1,562.03,471,0
4830,2024-07-16,564.86,561.7162959183673,-1,562.865,472,0
4831,2024-07-17,556.94,557.6595918367346,-1,558.8,473,1
