Unnamed: 0,date,Actual_Close,Predicted_Close,Predicted_Win_Lose,open,index,correct_prediction
4357,2022-08-25,419.51,416.0874285714286,1,415.24,0,1
4358,2022-08-26,405.31,420.2458979591837,1,419.39,1,0
4359,2022-08-29,402.63,401.37918367346936,-1,402.2,2,0
4360,2022-08-30,398.21,404.67418367346943,1,403.85,3,0
4361,2022-08-31,395.18,400.74618367346943,1,399.93,4,0
4362,2022-09-01,396.42,393.6918163265306,1,392.89,5,1
4363,2022-09-02,392.24,401.0968979591837,1,400.28,6,0
4364,2022-09-06,390.76,392.327693877551,-1,393.13,7,1
4365,2022-09-07,397.78,391.2267959183674,1,390.43,8,1
4366,2022-09-08,400.38,396.1969183673469,1,395.39,9,1
4367,2022-09-09,406.6,403.56191836734695,1,402.74,10,1
4368,2022-09-12,410.97,409.6142448979592,1,408.78,11,1
4369,2022-09-13,393.1,401.0099387755102,-1,401.83,12,1
4370,2022-09-14,394.6,395.27504081632657,1,394.47,13,1
4371,2022-09-15,390.12,393.7619591836735,1,392.96,14,0
4372,2022-09-16,385.56,384.9239591836735,1,384.14,15,1
4373,2022-09-19,388.55,383.0401224489796,1,382.26,16,1
4374,2022-09-20,384.09,384.2741632653061,-1,385.06,17,1
4375,2022-09-21,377.39,385.32202040816327,-1,386.11,18,1
4376,2022-09-22,374.22,377.3485306122449,1,376.58,19,0
4377,2022-09-23,367.95,371.3362857142857,1,370.58,20,0
4378,2022-09-26,364.31,367.1577755102041,1,366.41,21,0
4379,2022-09-27,363.38,368.7710612244898,1,368.02,22,0
4380,2022-09-28,370.53,365.1236326530613,1,364.38,23,1
4381,2022-09-29,362.79,367.5585918367347,1,366.81,24,0
4382,2022-09-30,357.18,362.5383673469388,1,361.8,25,0
4383,2022-10-03,366.61,361.8168979591837,1,361.08,26,1
4384,2022-10-04,377.97,373.16,1,372.4,27,1
4385,2022-10-05,377.09,374.15202040816325,1,373.39,28,1
4386,2022-10-06,373.2,376.3865714285714,1,375.62,29,0
4387,2022-10-07,362.79,369.723,1,368.97,30,0
4388,2022-10-10,360.02,364.7027755102041,1,363.96,31,0
4389,2022-10-11,357.74,358.96609183673473,1,358.235,32,0
4390,2022-10-12,356.56,358.9009591836735,1,358.17,33,0
4391,2022-10-13,365.97,349.9176632653061,1,349.205,34,1
4392,2022-10-14,357.63,369.3021428571429,1,368.55,35,0
4393,2022-10-17,366.82,363.2671224489796,-1,364.01,36,0
4394,2022-10-18,371.13,374.36442857142856,-1,375.13,37,1
4395,2022-10-19,368.5,369.7430408163265,1,368.99,38,0
4396,2022-10-20,365.41,368.781081632653,1,368.03,39,0
4397,2022-10-21,374.29,365.86514285714287,1,365.12,40,1
4398,2022-10-24,378.87,376.6571224489796,1,375.89,41,1
4399,2022-10-25,384.92,379.5630408163266,1,378.79,42,1
4400,2022-10-26,382.02,382.3988163265306,1,381.62,43,1
4401,2022-10-27,379.98,383.8517755102041,1,383.07,44,0
4402,2022-10-28,389.02,380.6452448979592,1,379.87,45,1
4403,2022-10-31,386.21,387.2286530612245,1,386.44,46,0
4404,2022-11-01,384.52,390.93620408163264,1,390.14,47,0
4405,2022-11-02,374.87,384.6834693877551,1,383.9,48,0
4406,2022-11-03,371.01,372.2230918367347,1,371.465,49,0
4407,2022-11-04,376.35,377.76938775510206,1,377.0,50,0
4408,2022-11-07,379.95,378.48083673469387,1,377.71,51,1
4409,2022-11-08,382.0,381.8877755102041,1,381.11,52,1
4410,2022-11-09,374.13,379.1546326530613,-1,379.93,53,1
4411,2022-11-10,394.69,388.84193877551024,1,388.05,54,1
4412,2022-11-11,398.51,396.39732653061225,1,395.59,55,1
4413,2022-11-14,395.12,397.4695102040816,1,396.66,56,0
4414,2022-11-15,398.49,401.9686734693877,1,401.15,57,0
4415,2022-11-16,395.45,397.5897551020408,1,396.78,58,0
4416,2022-11-17,394.24,391.25685714285714,1,390.46,59,1
4417,2022-11-18,396.03,396.9282857142857,-1,397.74,60,1
4418,2022-11-21,394.59,393.8346122448979,-1,394.64,61,1
4419,2022-11-22,399.9,397.4394489795918,1,396.63,62,1
4420,2022-11-23,402.42,398.7345918367347,-1,399.55,63,0
4421,2022-11-25,402.33,402.6500612244898,1,401.83,64,1
4422,2022-11-28,395.91,398.2755306122448,-1,399.09,65,1
4423,2022-11-29,395.23,396.85826530612246,1,396.05,66,0
4424,2022-11-30,407.68,396.2971224489796,1,395.49,67,1
4425,2022-12-01,407.38,409.6042244897959,1,408.77,68,0
4426,2022-12-02,406.91,403.07091836734696,1,402.25,69,1
4427,2022-12-05,399.59,404.77438775510205,1,403.95,70,0
4428,2022-12-06,393.83,398.6048571428572,-1,399.42,71,1
4429,2022-12-07,393.16,393.74191836734695,1,392.94,72,1
4430,2022-12-08,396.24,395.9464081632653,1,395.14,73,1
4431,2022-12-09,393.28,395.746,1,394.94,74,0
4432,2022-12-12,398.95,394.914306122449,1,394.11,75,1
4433,2022-12-13,401.97,411.0571836734694,1,410.22,76,0
4434,2022-12-14,399.4,400.790387755102,-1,401.61,77,1
4435,2022-12-15,389.63,395.10469387755103,1,394.3,78,0
4436,2022-12-16,383.27,385.9660816326531,1,385.18,79,0
4437,2022-12-19,380.02,384.2525918367347,1,383.47,80,0
4438,2022-12-20,380.54,380.0039387755102,1,379.23,81,1
4439,2022-12-21,386.23,384.0321428571429,1,383.25,82,1
4440,2022-12-22,380.72,382.2682653061224,-1,383.05,83,1
4441,2022-12-23,382.91,380.42479591836735,1,379.65,84,1
4442,2022-12-27,381.4,383.5712040816327,1,382.79,85,0
4443,2022-12-28,376.66,380.551775510204,-1,381.33,86,1
4444,2022-12-29,383.44,380.4047551020408,1,379.63,87,1
4445,2022-12-30,382.43,381.4168163265306,1,380.64,88,1
4446,2023-01-03,380.82,383.5855714285714,-1,384.37,89,1
4447,2023-01-04,383.76,383.962,1,383.18,90,1
4448,2023-01-05,379.38,382.4990204081633,1,381.72,91,0
4449,2023-01-06,388.08,381.8291632653061,-1,382.61,92,0
4450,2023-01-09,387.86,391.1666734693878,1,390.37,93,0
4451,2023-01-10,390.58,388.040306122449,1,387.25,94,1
4452,2023-01-11,395.52,393.0304693877552,1,392.23,95,1
4453,2023-01-12,396.96,395.86046938775513,-1,396.67,96,0
4454,2023-01-13,398.5,394.423306122449,1,393.62,97,1
4455,2023-01-17,397.77,399.29322448979593,1,398.48,98,0
4456,2023-01-18,391.49,398.195693877551,-1,399.01,99,1
4457,2023-01-19,388.64,390.154612244898,1,389.36,100,0
4458,2023-01-20,395.88,390.8961224489796,1,390.1,101,1
4459,2023-01-23,400.63,397.5296326530613,1,396.72,102,1
4460,2023-01-24,400.2,398.06595918367344,-1,398.88,103,0
4461,2023-01-25,400.35,396.7580612244898,1,395.95,104,1
4462,2023-01-26,404.75,403.9527142857143,1,403.13,105,1
4463,2023-01-27,405.68,402.8312142857142,-1,403.655,106,0
4464,2023-01-30,400.59,403.62204081632655,1,402.8,107,0
4465,2023-01-31,406.48,400.3113673469388,-1,401.13,108,0
4466,2023-02-01,410.8,406.0379612244898,1,405.211,109,1
4467,2023-02-02,416.78,414.0133469387755,-1,414.86,110,0
4468,2023-02-03,412.35,412.4299795918368,1,411.59,111,1
4469,2023-02-06,409.83,410.626306122449,1,409.79,112,1
4470,2023-02-07,415.19,408.0355714285714,-1,408.87,113,0
4471,2023-02-08,410.65,413.9731224489796,1,413.13,114,0
4472,2023-02-09,407.09,415.2557346938776,1,414.41,115,0
4473,2023-02-10,408.04,406.6882857142857,1,405.86,116,1
4474,2023-02-13,412.83,409.5541224489796,1,408.72,117,1
4475,2023-02-14,412.64,412.07926530612247,1,411.24,118,1
4476,2023-02-15,413.98,409.5125510204082,-1,410.35,119,0
4477,2023-02-16,408.28,409.6242653061225,1,408.79,120,0
4478,2023-02-17,407.26,405.231306122449,-1,406.06,121,0
4479,2023-02-21,399.09,403.88257142857145,1,403.06,122,0
4480,2023-02-22,398.54,400.3353469387755,1,399.52,123,0
4481,2023-02-23,400.66,402.37951020408167,1,401.56,124,0
4482,2023-02-24,396.38,394.61302040816327,-1,395.42,125,0
4483,2023-02-27,397.73,400.6860612244898,1,399.87,126,0
4484,2023-02-28,396.26,396.4193265306122,-1,397.23,127,1
4485,2023-03-01,394.74,396.2169591836735,1,395.41,128,0
4486,2023-03-02,397.81,391.878612244898,-1,392.68,129,0
4487,2023-03-03,404.19,400.5257346938776,1,399.71,130,1
4488,2023-03-06,404.47,404.2233673469388,-1,405.05,131,1
4489,2023-03-07,398.27,405.2453469387755,1,404.42,132,0
4490,2023-03-08,398.92,399.2030408163265,1,398.39,133,1
4491,2023-03-09,391.56,400.5557959183674,1,399.74,134,0
4492,2023-03-10,385.91,391.7879387755102,1,390.99,135,0
4493,2023-03-13,385.36,382.5892040816327,1,381.81,136,1
4494,2023-03-14,391.73,391.2969387755102,1,390.5,137,1
4495,2023-03-15,389.28,386.6775306122449,1,385.89,138,1
4496,2023-03-16,396.11,387.60942857142857,1,386.82,139,1
4497,2023-03-17,389.99,392.4175102040816,-1,393.22,140,1
4498,2023-03-20,393.74,391.59755102040816,1,390.8,141,1
4499,2023-03-21,398.91,398.0506938775511,1,397.24,142,1
4500,2023-03-22,392.11,397.91626530612245,-1,398.73,143,1
4501,2023-03-23,393.17,395.89630612244895,1,395.09,144,0
4502,2023-03-24,395.75,392.6406755102041,1,391.841,145,1
4503,2023-03-27,396.49,398.9324897959184,1,398.12,146,0
4504,2023-03-28,395.6,394.962306122449,-1,395.77,147,1
4505,2023-03-29,401.35,400.7411734693878,1,399.925,148,1
4506,2023-03-30,403.7,403.2653265306122,-1,404.09,149,1
4507,2023-03-31,409.39,405.4858367346939,1,404.66,150,1
4508,2023-04-03,410.95,409.6843877551021,1,408.85,151,1
4509,2023-04-04,408.67,410.77995918367344,-1,411.62,152,1
4510,2023-04-05,407.6,408.7424693877552,1,407.91,153,0
4511,2023-04-06,409.19,407.6001428571428,1,406.77,154,1
4512,2023-04-10,409.61,405.78018367346937,-1,406.61,155,0
4513,2023-04-11,409.72,411.0972653061224,1,410.26,156,0
4514,2023-04-12,408.05,411.0294489795919,-1,411.87,157,1
4515,2023-04-13,413.47,410.0150612244898,1,409.18,158,1
4516,2023-04-14,412.46,413.6524693877551,1,412.81,159,0
4517,2023-04-17,413.94,411.52842857142855,-1,412.37,160,0
4518,2023-04-18,414.21,416.4281224489796,1,415.58,161,0
4519,2023-04-19,414.14,411.3787346938776,-1,412.22,162,0
4520,2023-04-20,411.88,412.04920408163264,1,411.21,163,1
4521,2023-04-21,412.2,411.3487959183673,-1,412.19,164,0
4522,2023-04-24,412.63,412.83079591836736,1,411.99,165,1
4523,2023-04-25,406.08,411.4179183673469,1,410.58,166,0
4524,2023-04-26,404.36,407.55004081632654,1,406.72,167,0
4525,2023-04-27,412.41,407.830612244898,1,407.0,168,1
4526,2023-04-28,415.93,410.6502244897959,-1,411.49,169,0
4527,2023-05-01,415.51,414.62210204081634,-1,415.47,170,0
4528,2023-05-02,410.84,415.6164693877551,1,414.77,171,0
4529,2023-05-03,408.02,412.19951020408166,1,411.36,172,0
4530,2023-05-04,405.13,407.7604693877551,1,406.93,173,0
4531,2023-05-05,412.63,409.7445102040817,1,408.91,174,1
4532,2023-05-08,412.74,413.8127959183674,1,412.97,175,0
4533,2023-05-09,410.93,410.2909591836735,-1,411.13,176,1
4534,2023-05-10,412.85,414.7246530612245,1,413.88,177,0
4535,2023-05-11,412.13,411.1092857142857,-1,411.95,178,0
4536,2023-05-12,411.59,414.2637142857143,1,413.42,179,0
4537,2023-05-15,413.01,411.3787346938776,-1,412.22,180,0
4538,2023-05-16,410.25,412.7005306122449,1,411.86,181,0
4539,2023-05-17,415.23,411.5084693877551,-1,412.35,182,0
4540,2023-05-18,419.23,415.7467346938776,1,414.9,183,1
4541,2023-05-19,418.62,419.31251020408166,-1,420.17,184,1
4542,2023-05-22,418.79,419.4943673469388,1,418.64,185,1
4543,2023-05-23,414.09,417.9311836734694,1,417.08,186,0
4544,2023-05-24,411.09,411.5783265306122,-1,412.42,187,1
4545,2023-05-25,414.65,415.5864081632653,1,414.74,188,0
4546,2023-05-26,420.02,414.482387755102,-1,415.33,189,0
4547,2023-05-30,420.18,422.8912857142857,1,422.03,190,0
4548,2023-05-31,417.85,417.4263673469387,-1,418.28,191,1
4549,2023-06-01,421.82,418.9432448979592,1,418.09,192,1
4550,2023-06-02,427.92,423.63367346938776,-1,424.5,193,0
4551,2023-06-05,427.1,429.1540408163265,1,428.28,194,0
4552,2023-06-06,428.03,425.7992448979592,-1,426.67,195,0
4553,2023-06-07,426.55,429.3143673469388,1,428.44,196,0
4554,2023-06-08,429.13,425.7493469387755,-1,426.62,197,0
4555,2023-06-09,429.9,430.8374693877551,1,429.96,198,0
4556,2023-06-12,433.8,430.0405714285714,-1,430.92,199,0
4557,2023-06-13,436.66,436.2084081632653,1,435.32,200,1
4558,2023-06-14,437.18,436.11814285714286,-1,437.01,201,0
4559,2023-06-15,442.6,437.2204693877551,1,436.33,202,1
4560,2023-06-16,439.46,443.9241224489796,1,443.02,203,0
4561,2023-06-20,437.18,436.5572448979592,-1,437.45,204,1
4562,2023-06-21,434.94,437.0501224489796,1,436.16,205,0
4563,2023-06-22,436.51,433.064387755102,-1,433.95,206,0
4564,2023-06-23,433.21,433.8135306122449,1,432.93,207,1
4565,2023-06-26,431.44,431.7371020408163,-1,432.62,208,1
4566,2023-06-27,436.17,433.2323469387756,1,432.35,209,1
4567,2023-06-28,436.39,435.9378571428572,1,435.05,210,1
4568,2023-06-29,438.11,435.07028571428566,-1,435.96,211,0
4569,2023-06-30,443.28,442.3408979591837,1,441.44,212,1
4570,2023-07-03,443.79,442.0160816326531,-1,442.92,213,0
4571,2023-07-05,443.13,442.8118571428572,1,441.91,214,1
4572,2023-07-06,439.66,440.3167755102041,1,439.42,215,1
4573,2023-07-07,438.55,439.5251632653061,1,438.63,216,0
4574,2023-07-10,439.66,439.0742448979592,1,438.18,217,1
4575,2023-07-11,442.46,439.5511224489796,-1,440.45,218,0
4576,2023-07-12,446.02,447.301,1,446.39,219,0
4577,2023-07-13,449.56,446.9859183673469,-1,447.9,220,0
4578,2023-07-14,449.28,451.3943367346939,1,450.475,221,0
4579,2023-07-17,450.84,448.2134081632653,-1,449.13,222,0
4580,2023-07-18,454.19,451.4193877551021,1,450.5,223,1
4581,2023-07-19,455.2,454.0814081632653,-1,455.01,224,0
4582,2023-07-20,452.18,455.0968775510205,1,454.17,225,0
4583,2023-07-21,452.18,454.8864489795918,1,453.96,226,0
4584,2023-07-24,454.2,454.2952448979592,1,453.37,227,1
4585,2023-07-25,455.44,454.8463673469388,1,453.92,228,1
4586,2023-07-26,455.51,455.3974897959184,1,454.47,229,1
4587,2023-07-27,452.49,459.95677551020407,1,459.02,230,0
4588,2023-07-28,456.92,456.8103673469388,1,455.88,231,1
4589,2023-07-31,457.79,458.3434897959184,1,457.41,232,1
4590,2023-08-01,456.48,455.3388367346938,-1,456.27,233,0
4591,2023-08-02,450.13,454.175,1,453.25,234,0
4592,2023-08-03,448.84,447.1256326530613,-1,448.04,235,0
4593,2023-08-04,446.81,451.6398367346939,1,450.72,236,0
4594,2023-08-07,450.71,447.7942653061224,-1,448.71,237,0
4595,2023-08-08,448.75,448.9944489795918,1,448.08,238,1
4596,2023-08-09,445.75,448.1136122448979,-1,449.03,239,1
4597,2023-08-10,445.91,449.10467346938776,1,448.19,240,0
4598,2023-08-11,445.65,444.8760612244898,1,443.97,241,1
4599,2023-08-14,448.11,445.60755102040815,1,444.7,242,1
4600,2023-08-15,442.89,447.1807551020408,1,446.27,243,0
4601,2023-08-16,439.64,443.36297959183673,1,442.46,244,0
4602,2023-08-17,436.29,442.06032653061226,1,441.16,245,0
4603,2023-08-18,436.5,432.4855714285714,-1,433.37,246,0
4604,2023-08-21,439.34,438.4429591836735,1,437.55,247,1
4605,2023-08-22,438.15,440.2796326530613,-1,441.18,248,1
4606,2023-08-23,443.03,440.1464285714286,1,439.25,249,1
4607,2023-08-24,436.89,445.5975306122449,1,444.69,250,0
4608,2023-08-25,439.97,437.7847346938776,-1,438.68,251,0
4609,2023-08-28,442.76,443.1425306122449,1,442.24,252,1
4610,2023-08-29,449.16,441.7466326530612,-1,442.65,253,0
4611,2023-08-30,451.01,450.4273673469388,1,449.51,254,1
4612,2023-08-31,450.35,450.7282653061224,-1,451.65,255,1
4613,2023-09-01,451.19,454.0948367346939,1,453.17,256,0
4614,2023-09-05,449.24,451.6498571428572,1,450.73,257,0
4615,2023-09-06,446.22,449.3151020408163,1,448.4,258,0
4616,2023-09-07,444.85,444.014306122449,1,443.11,259,1
4617,2023-09-08,445.52,445.8079591836735,1,444.9,260,1
4618,2023-09-11,448.45,447.3252244897959,-1,448.24,261,0
4619,2023-09-12,445.99,447.8621428571429,1,446.95,262,0
4620,2023-09-13,446.51,447.1306530612245,1,446.22,263,1
4621,2023-09-14,450.36,449.9864693877551,1,449.07,264,1
4622,2023-09-15,443.37,448.0525306122449,1,447.14,265,0
4623,2023-09-18,443.63,443.9541836734694,1,443.05,266,1
4624,2023-09-19,442.71,443.5834285714286,1,442.68,267,1
4625,2023-09-20,438.64,443.1038571428571,-1,444.01,268,1
4626,2023-09-21,431.39,436.5891836734694,1,435.7,269,0
4627,2023-09-22,430.42,433.3325510204082,1,432.45,270,0
4628,2023-09-25,432.23,430.0458571428572,1,429.17,271,1
4629,2023-09-26,425.88,429.965693877551,1,429.09,272,0
4630,2023-09-27,426.05,426.218387755102,-1,427.09,273,1
4631,2023-09-28,428.52,426.3483265306122,1,425.48,274,1
4632,2023-09-29,427.48,430.7890408163265,-1,431.67,275,1
4633,2023-10-02,427.31,425.7493469387755,-1,426.62,276,0
4634,2023-10-03,421.59,425.9274693877552,1,425.06,277,0
4635,2023-10-04,424.66,421.2086326530612,-1,422.07,278,0
4636,2023-10-05,424.5,425.2260408163265,1,424.36,279,1
4637,2023-10-06,429.54,421.1088367346939,-1,421.97,280,0
4638,2023-10-09,432.29,428.452612244898,1,427.58,281,1
4639,2023-10-10,434.54,433.82355102040816,1,432.94,282,1
4640,2023-10-11,436.32,434.7509387755102,-1,435.64,283,0
4641,2023-10-12,433.66,437.8417346938775,1,436.95,284,0
4642,2023-10-13,431.5,436.09818367346935,1,435.21,285,0
4643,2023-10-16,436.04,434.7053469387755,1,433.82,286,1
4644,2023-10-17,436.02,433.6932857142857,1,432.81,287,1
4645,2023-10-18,430.21,433.3038979591837,-1,434.19,288,1
4646,2023-10-19,426.43,430.0705102040816,-1,430.95,289,1
4647,2023-10-20,421.19,426.8493469387755,1,425.98,290,0
4648,2023-10-23,420.46,420.46634693877553,1,419.61,291,1
4649,2023-10-24,423.63,423.5125510204081,1,422.65,292,1
4650,2023-10-25,417.55,421.029,-1,421.89,293,1
4651,2023-10-26,412.55,417.2998979591837,1,416.45,294,0
4652,2023-10-27,410.68,415.03528571428575,1,414.19,295,0
4653,2023-10-30,415.59,414.404,1,413.56,296,1
4654,2023-10-31,418.2,417.0293469387755,1,416.18,297,1
4655,2023-11-01,422.66,418.3444897959183,-1,419.2,298,0
4656,2023-11-02,430.76,427.4505714285714,1,426.58,299,1
4657,2023-11-03,434.69,432.2560408163265,-1,433.14,300,0
4658,2023-11-06,435.69,436.3587142857143,1,435.47,301,1
4659,2023-11-07,436.93,436.5791632653061,1,435.69,302,1
4660,2023-11-08,437.25,438.4429591836735,1,437.55,303,0
4661,2023-11-09,433.84,439.32475510204085,1,438.43,304,0
4662,2023-11-10,440.61,436.86975510204087,1,435.98,305,1
4663,2023-11-13,440.19,440.1263877551021,1,439.23,306,1
4664,2023-11-14,448.73,445.40914285714285,-1,446.32,307,0
4665,2023-11-15,449.68,451.02859183673473,1,450.11,308,0
4666,2023-11-16,450.23,448.3032244897959,-1,449.22,309,0
4667,2023-11-17,450.79,451.1588571428572,1,450.24,310,1
4668,2023-11-20,454.26,449.61055102040814,-1,450.53,311,0
4669,2023-11-21,453.27,454.1090657142857,1,453.1842,312,1
4670,2023-11-22,455.02,454.0514693877551,-1,454.98,313,0
4671,2023-11-24,455.3,455.9987142857143,1,455.07,314,1
4672,2023-11-27,454.48,453.7221428571429,-1,454.65,315,1
4673,2023-11-28,454.93,455.006693877551,1,454.08,316,1
4674,2023-11-29,454.61,458.08295918367344,1,457.15,317,0
4675,2023-11-30,456.4,456.4095510204082,1,455.48,318,1
4676,2023-12-01,459.1,456.7001428571429,1,455.77,319,1
4677,2023-12-04,456.69,454.6702040816327,-1,455.6,320,0
4678,2023-12-05,456.6,456.1891020408164,1,455.26,321,1
4679,2023-12-06,454.76,459.7463469387755,1,458.81,322,0
4680,2023-12-07,458.23,457.8424693877552,1,456.91,323,1
4681,2023-12-08,460.2,458.3935918367347,1,457.46,324,1
4682,2023-12-11,461.99,458.7518571428572,-1,459.69,325,0
4683,2023-12-12,464.1,462.57210204081633,1,461.63,326,1
4684,2023-12-13,470.5,465.4379387755103,1,464.49,327,1
4685,2023-12-14,472.01,473.4642857142857,1,472.5,328,0
4686,2023-12-15,469.33,468.5318571428571,-1,469.49,329,1
4687,2023-12-18,471.97,471.9411836734694,1,470.98,330,1
4688,2023-12-19,474.84,471.56565306122445,-1,472.53,331,0
4689,2023-12-20,468.26,474.9272653061224,1,473.96,332,0
4690,2023-12-21,472.7,470.3681020408163,-1,471.33,333,0
4691,2023-12-22,473.65,474.8270612244898,1,473.86,334,0
4692,2023-12-26,475.65,473.1025102040816,-1,474.07,335,0
4693,2023-12-27,476.51,476.41028571428575,1,475.44,336,1
4694,2023-12-28,476.69,475.90677551020406,-1,476.88,337,1
4695,2023-12-29,475.31,477.4624285714286,1,476.49,338,0
4696,2024-01-02,472.65,473.1235918367347,1,472.16,339,1
4697,2024-01-03,468.79,471.3900612244898,1,470.43,340,0
4698,2024-01-04,467.28,467.3442857142857,-1,468.3,341,1
4699,2024-01-05,467.92,468.4440612244898,1,467.49,342,1
4700,2024-01-08,474.6,467.47402040816326,-1,468.43,343,0
4701,2024-01-09,473.88,472.833,1,471.87,344,1
4702,2024-01-10,476.56,473.19232653061226,-1,474.16,345,0
4703,2024-01-11,476.35,478.5646734693877,1,477.59,346,0
4704,2024-01-12,476.68,476.86481632653056,-1,477.84,347,1
4705,2024-01-16,474.93,476.22991836734695,1,475.26,348,0
4706,2024-01-17,472.29,470.8571020408163,-1,471.82,349,0
4707,2024-01-18,476.49,474.9773673469388,1,474.01,350,1
4708,2024-01-19,482.43,476.6752040816326,-1,477.65,351,0
4709,2024-01-22,483.45,484.99777551020406,1,484.01,352,0
4710,2024-01-23,484.86,483.0222244897959,-1,484.01,353,0
4711,2024-01-24,485.39,488.8055306122449,1,487.81,354,0
4712,2024-01-25,488.03,486.5799489795918,-1,487.575,355,0
4713,2024-01-26,487.41,488.585081632653,1,487.59,356,0
4714,2024-01-29,491.27,486.7346326530612,-1,487.73,357,0
4715,2024-01-30,490.89,491.5611428571429,1,490.56,358,1
4716,2024-01-31,482.88,487.6228163265306,-1,488.62,359,1
4717,2024-02-01,489.2,485.61904081632656,1,484.63,360,1
4718,2024-02-02,494.35,490.6492857142857,1,489.65,361,1
4719,2024-02-05,492.55,492.6874591836735,-1,493.695,362,1
4720,2024-02-06,493.98,492.5128163265306,-1,493.52,363,0
4721,2024-02-07,498.1,497.3028367346939,1,496.29,364,1
4722,2024-02-08,498.32,497.0834693877551,-1,498.1,365,0
4723,2024-02-09,501.2,499.85804081632654,1,498.84,366,1
4724,2024-02-12,500.98,502.1927959183674,1,501.17,367,0
4725,2024-02-13,494.08,495.5392448979592,1,494.53,368,0
4726,2024-02-14,498.57,497.8038571428572,1,496.79,369,1
4727,2024-02-15,502.01,500.3089591836735,1,499.29,370,1
4728,2024-02-16,499.51,502.7238775510204,1,501.7,371,0
4729,2024-02-20,496.76,498.73575510204086,1,497.72,372,0
4730,2024-02-21,497.21,496.4310612244898,1,495.42,373,1
4731,2024-02-22,507.5,505.0385918367347,1,504.01,374,1
4732,2024-02-23,507.85,510.3093265306122,1,509.27,375,0
4733,2024-02-26,505.99,507.2626530612245,-1,508.3,376,1
4734,2024-02-27,506.93,507.734081632653,1,506.7,377,1
4735,2024-02-28,506.26,506.3612857142857,1,505.33,378,1
4736,2024-02-29,508.08,509.1068775510204,1,508.07,379,1
4737,2024-03-01,512.85,510.0187346938776,1,508.98,380,1
4738,2024-03-04,512.3,513.0749591836734,1,512.03,381,1
4739,2024-03-05,507.18,509.198693877551,-1,510.24,382,1
4740,2024-03-06,509.75,511.59193877551024,1,510.55,383,0
4741,2024-03-07,514.81,514.1872244897959,1,513.14,384,1
4742,2024-03-08,511.72,514.4080408163265,-1,515.46,385,1
4743,2024-03-11,511.28,511.5217959183674,1,510.48,386,1
4744,2024-03-12,516.78,514.4978571428572,1,513.45,387,1
4745,2024-03-13,515.97,518.1653265306122,1,517.11,388,0
4746,2024-03-14,514.95,518.0250408163266,1,516.97,389,0
4747,2024-03-15,509.83,511.2512448979592,1,510.21,390,0
4748,2024-03-18,512.86,515.0489795918368,1,514.0,391,0
4749,2024-03-19,515.71,511.1047959183673,-1,512.15,392,0
4750,2024-03-20,520.48,516.8225918367347,1,515.77,393,1
4751,2024-03-21,522.2,522.3218571428571,-1,523.39,394,1
4752,2024-03-22,521.21,523.1755306122449,1,522.11,395,0
4753,2024-03-25,519.77,520.8608163265305,1,519.8,396,0
4754,2024-03-26,518.81,522.2937346938776,1,521.23,397,0
4755,2024-03-27,523.17,522.7747142857144,1,521.71,398,1
4756,2024-03-28,523.07,524.2777755102042,1,523.21,399,0
4757,2024-04-01,522.16,524.8990408163265,1,523.83,400,0
4758,2024-04-02,518.84,519.2976326530612,1,518.24,401,1
4759,2024-04-03,519.41,518.7765714285715,1,517.72,402,1
4760,2024-04-04,513.07,524.5884081632653,1,523.52,403,0
4761,2024-04-05,518.43,515.509918367347,1,514.46,404,1
4762,2024-04-08,518.72,520.2094897959183,1,519.15,405,0
4763,2024-04-09,519.32,519.4377551020408,-1,520.5,406,1
4764,2024-04-10,514.12,514.527918367347,1,513.48,407,1
4765,2024-04-11,518.0,516.7324081632653,1,515.68,408,1
4766,2024-04-12,510.85,513.3202653061225,-1,514.37,409,1
4767,2024-04-15,504.45,516.1812857142858,1,515.13,410,0
4768,2024-04-16,503.53,505.9704897959184,1,504.94,411,0
4769,2024-04-17,500.55,507.0827551020408,1,506.05,412,0
4770,2024-04-18,499.52,503.0044489795919,1,501.98,413,0
4771,2024-04-19,495.16,500.45926530612246,1,499.44,414,0
4772,2024-04-22,499.72,498.8459795918368,1,497.83,415,1
4773,2024-04-23,505.65,502.8040408163265,1,501.78,416,1
4774,2024-04-24,505.41,505.5262040816327,-1,506.56,417,1
4775,2024-04-25,503.49,500.1987346938776,1,499.18,418,1
4776,2024-04-26,508.26,507.3833673469388,1,506.35,419,1
4777,2024-04-29,510.06,509.049,-1,510.09,420,1
4778,2024-04-30,501.98,509.5978775510204,1,508.56,421,0
4779,2024-05-01,500.35,502.403224489796,1,501.38,422,0
4780,2024-05-02,505.03,505.1788775510204,1,504.15,423,1
4781,2024-05-03,511.29,510.1168163265306,-1,511.16,424,0
4782,2024-05-06,516.57,514.7984693877551,1,513.75,425,1
4783,2024-05-07,517.14,516.5037551020407,-1,517.56,426,1
4784,2024-05-08,517.19,516.3115510204082,1,515.26,427,1
4785,2024-05-09,520.17,518.4358775510204,1,517.38,428,1
4786,2024-05-10,520.84,522.8749183673469,1,521.81,429,0
4787,2024-05-13,520.91,523.6264489795918,1,522.56,430,0
4788,2024-05-14,523.3,522.1734897959184,1,521.11,431,1
4789,2024-05-15,529.78,526.9031224489796,1,525.83,432,1
4790,2024-05-16,528.69,528.798612244898,-1,529.88,433,1
4791,2024-05-17,529.45,529.8892040816326,1,528.81,434,1
4792,2024-05-20,530.06,530.6507551020409,1,529.57,435,1
4793,2024-05-21,531.36,530.3601632653061,1,529.28,436,1
4794,2024-05-22,529.83,531.7329591836734,1,530.65,437,0
4795,2024-05-23,525.96,534.0476734693879,1,532.96,438,0
4796,2024-05-24,529.44,528.9272448979592,1,527.85,439,1
4797,2024-05-28,529.81,531.3521836734694,1,530.27,440,0
4798,2024-05-29,526.1,524.6071836734693,-1,525.68,441,0
4799,2024-05-30,522.61,525.5904489795919,1,524.52,442,0
4800,2024-05-31,527.37,522.5214489795918,-1,523.59,443,0
4801,2024-06-03,527.8,530.0996326530612,1,529.02,444,0
4802,2024-06-04,528.39,525.3855918367348,-1,526.46,445,0
4803,2024-06-05,534.67,531.8532040816326,1,530.77,446,1
4804,2024-06-06,534.66,533.8882040816327,-1,534.98,447,1
4805,2024-06-07,534.01,534.7491020408163,1,533.66,448,1
4806,2024-06-10,535.66,534.2681224489795,1,533.18,449,1
4807,2024-06-11,536.95,535.1599387755102,1,534.07,450,1
4808,2024-06-12,541.36,542.7353673469388,1,541.63,451,0
4809,2024-06-13,542.45,544.2584693877551,1,543.15,452,0
4810,2024-06-14,542.78,541.9838367346939,1,540.88,453,1
4811,2024-06-17,547.1,543.1862857142858,1,542.08,454,1
4812,2024-06-18,548.49,548.2766530612245,1,547.16,455,1
4813,2024-06-20,547.0,548.318693877551,-1,549.44,456,1
4814,2024-06-21,544.51,545.5110204081633,1,544.4,457,1
4815,2024-06-24,542.74,545.4408775510204,1,544.33,458,0
4816,2024-06-25,544.83,545.1001836734694,1,543.99,459,1
4817,2024-06-26,545.51,544.7995714285715,1,543.69,460,1
4818,2024-06-27,546.37,546.4830000000001,1,545.37,461,1
4819,2024-06-28,544.22,548.2766530612245,1,547.16,462,0
4820,2024-07-01,545.34,546.7435306122449,1,545.63,463,0
4821,2024-07-02,549.01,544.8095918367347,1,543.7,464,1
4822,2024-07-03,551.46,549.8097755102042,1,548.69,465,1
4823,2024-07-05,554.64,550.6439387755102,-1,551.77,466,0
4824,2024-07-08,555.28,556.5735510204082,1,555.44,467,0
4825,2024-07-09,555.82,555.124775510204,-1,556.26,468,1
4826,2024-07-10,561.32,558.2068775510205,1,557.07,469,1
4827,2024-07-11,556.48,562.5857959183675,1,561.44,470,0
4828,2024-07-12,559.99,556.4919795918368,-1,557.63,471,0
4829,2024-07-15,561.53,563.177,1,562.03,472,0
4830,2024-07-16,564.86,561.7162959183673,-1,562.865,473,0
