Unnamed: 0,date,Actual_Close,Predicted_Close,Predicted_Win_Lose,open,index,correct_prediction
4358,2022-08-26,405.31,416.822306122449,-1,419.39,0,1
4359,2022-08-29,402.63,399.73755102040815,-1,402.2,1,0
4360,2022-08-30,398.21,401.3774489795919,-1,403.85,2,1
4361,2022-08-31,395.18,397.4814489795919,-1,399.93,3,1
4362,2022-09-01,396.42,390.48455102040816,-1,392.89,4,0
4363,2022-09-02,392.24,397.82930612244894,-1,400.28,5,1
4364,2022-09-06,390.76,390.7230816326531,-1,393.13,6,1
4365,2022-09-07,397.78,392.8203877551021,1,390.43,7,1
4366,2022-09-08,400.38,392.9692448979592,-1,395.39,8,0
4367,2022-09-09,406.6,400.2742448979592,-1,402.74,9,0
4368,2022-09-12,410.97,406.2772653061224,-1,408.78,10,0
4369,2022-09-13,393.1,399.3698163265306,-1,401.83,11,1
4370,2022-09-14,394.6,392.05487755102047,-1,394.47,12,0
4371,2022-09-15,390.12,395.3658775510204,1,392.96,13,0
4372,2022-09-16,385.56,381.7881224489796,-1,384.14,14,0
4373,2022-09-19,388.55,379.9196326530612,-1,382.26,15,0
4374,2022-09-20,384.09,385.8458367346939,1,385.06,16,0
4375,2022-09-21,377.39,383.7460612244898,-1,386.11,17,1
4376,2022-09-22,374.22,374.2744081632653,-1,376.58,18,1
4377,2022-09-23,367.95,372.8488571428571,1,370.58,19,0
4378,2022-09-26,364.31,364.1666734693878,-1,366.41,20,1
4379,2022-09-27,363.38,365.7668163265306,-1,368.02,21,1
4380,2022-09-28,370.53,362.14910204081633,-1,364.38,22,0
4381,2022-09-29,362.79,369.0557755102041,1,366.81,23,0
4382,2022-09-30,357.18,364.0151020408164,1,361.8,24,0
4383,2022-10-03,366.61,363.290693877551,1,361.08,25,1
4384,2022-10-04,377.97,374.68,1,372.4,26,1
4385,2022-10-05,377.09,375.6760612244898,1,373.39,27,1
4386,2022-10-06,373.2,377.9197142857143,1,375.62,28,0
4387,2022-10-07,362.79,366.711,-1,368.97,29,1
4388,2022-10-10,360.02,361.7316734693878,-1,363.96,30,1
4389,2022-10-11,357.74,360.4282755102041,1,358.235,31,0
4390,2022-10-12,356.56,360.36287755102046,1,358.17,32,0
4391,2022-10-13,365.97,347.0670102040816,-1,349.205,33,0
4392,2022-10-14,357.63,366.29357142857145,-1,368.55,34,1
4393,2022-10-17,366.82,366.2386326530613,1,364.01,35,1
4394,2022-10-18,371.13,377.4267142857143,1,375.13,36,0
4395,2022-10-19,368.5,371.2491224489796,1,368.99,37,0
4396,2022-10-20,365.41,370.2832448979592,1,368.03,38,0
4397,2022-10-21,374.29,362.88457142857146,-1,365.12,39,0
4398,2022-10-24,378.87,378.1913673469388,1,375.89,40,1
4399,2022-10-25,384.92,381.1091224489796,1,378.79,41,1
4400,2022-10-26,382.02,379.2835510204082,-1,381.62,42,0
4401,2022-10-27,379.98,380.72467346938777,-1,383.07,43,1
4402,2022-10-28,389.02,377.5442653061224,-1,379.87,44,0
4403,2022-10-31,386.21,384.07404081632654,-1,386.44,45,1
4404,2022-11-01,384.52,392.528612244898,1,390.14,46,0
4405,2022-11-02,374.87,384.6834693877551,1,383.9,47,0
4406,2022-11-03,371.01,369.1907244897959,-1,371.465,48,1
4407,2022-11-04,376.35,379.3081632653062,1,377.0,49,0
4408,2022-11-07,379.95,375.3974897959184,-1,377.71,50,0
4409,2022-11-08,382.0,378.7766734693878,-1,381.11,51,0
4410,2022-11-09,374.13,377.6038979591837,-1,379.93,52,1
4411,2022-11-10,394.69,385.67418367346943,-1,388.05,53,0
4412,2022-11-11,398.51,393.1680204081633,-1,395.59,54,0
4413,2022-11-14,395.12,394.2314693877552,-1,396.66,55,1
4414,2022-11-15,398.49,398.6939795918368,-1,401.15,56,1
4415,2022-11-16,395.45,394.3507346938776,-1,396.78,57,1
4416,2022-11-17,394.24,388.06942857142855,-1,390.46,58,0
4417,2022-11-18,396.03,398.5517142857143,1,397.74,59,0
4418,2022-11-21,394.59,392.22383673469386,-1,394.64,60,1
4419,2022-11-22,399.9,394.2016530612245,-1,396.63,61,0
4420,2022-11-23,402.42,400.3654081632653,1,399.55,62,1
4421,2022-11-25,402.33,399.3698163265306,-1,401.83,63,0
4422,2022-11-28,395.91,396.6465918367347,-1,399.09,64,1
4423,2022-11-29,395.23,393.6252040816327,-1,396.05,65,1
4424,2022-11-30,407.68,393.0686326530612,-1,395.49,66,0
4425,2022-12-01,407.38,409.6042244897959,1,408.77,67,0
4426,2022-12-02,406.91,404.7127551020408,1,402.25,68,1
4427,2022-12-05,399.59,401.4768367346939,-1,403.95,69,1
4428,2022-12-06,393.83,396.9745714285714,-1,399.42,70,1
4429,2022-12-07,393.16,390.5342448979592,-1,392.94,71,0
4430,2022-12-08,396.24,392.7207755102041,-1,395.14,72,0
4431,2022-12-09,393.28,395.746,1,394.94,73,0
4432,2022-12-12,398.95,394.914306122449,1,394.11,74,1
4433,2022-12-13,401.97,411.0571836734694,1,410.22,75,0
4434,2022-12-14,399.4,399.1511632653061,-1,401.61,76,1
4435,2022-12-15,389.63,396.7140816326531,1,394.3,77,0
4436,2022-12-16,383.27,387.5382448979592,1,385.18,78,0
4437,2022-12-19,380.02,385.8177755102041,1,383.47,79,0
4438,2022-12-20,380.54,376.9081836734694,-1,379.23,80,0
4439,2022-12-21,386.23,380.90357142857147,-1,383.25,81,0
4440,2022-12-22,380.72,380.7047959183674,-1,383.05,82,1
4441,2022-12-23,382.91,377.325612244898,-1,379.65,83,0
4442,2022-12-27,381.4,385.133612244898,1,382.79,84,0
4443,2022-12-28,376.66,378.99532653061226,-1,381.33,85,1
4444,2022-12-29,383.44,377.3057346938776,-1,379.63,86,0
4445,2022-12-30,382.43,378.30955102040815,-1,380.64,87,0
4446,2023-01-03,380.82,382.01671428571433,-1,384.37,88,1
4447,2023-01-04,383.76,380.834,-1,383.18,89,0
4448,2023-01-05,379.38,379.38293877551024,-1,381.72,90,1
4449,2023-01-06,388.08,380.2674897959184,-1,382.61,91,0
4450,2023-01-09,387.86,387.9799795918368,-1,390.37,92,1
4451,2023-01-10,390.58,384.8790816326531,-1,387.25,93,0
4452,2023-01-11,395.52,389.82859183673474,-1,392.23,94,0
4453,2023-01-12,396.96,394.24140816326536,-1,396.67,95,0
4454,2023-01-13,398.5,391.2100816326531,-1,393.62,96,0
4455,2023-01-17,397.77,396.0403265306123,-1,398.48,97,1
4456,2023-01-18,391.49,396.567081632653,-1,399.01,98,1
4457,2023-01-19,388.64,386.9761632653061,-1,389.36,99,1
4458,2023-01-20,395.88,387.71163265306126,-1,390.1,100,0
4459,2023-01-23,400.63,397.5296326530613,1,396.72,101,1
4460,2023-01-24,400.2,396.4378775510204,-1,398.88,102,0
4461,2023-01-25,400.35,393.5258163265306,-1,395.95,103,0
4462,2023-01-26,404.75,400.6618571428572,-1,403.13,104,0
4463,2023-01-27,405.68,401.1836428571429,-1,403.655,105,0
4464,2023-01-30,400.59,400.3338775510204,-1,402.8,106,1
4465,2023-01-31,406.48,398.6741020408164,-1,401.13,107,0
4466,2023-02-01,410.8,402.73011632653066,-1,405.211,108,0
4467,2023-02-02,416.78,412.3200408163266,-1,414.86,109,0
4468,2023-02-03,412.35,409.0700612244898,-1,411.59,110,0
4469,2023-02-06,409.83,407.281081632653,-1,409.79,111,0
4470,2023-02-07,415.19,406.3667142857143,-1,408.87,112,0
4471,2023-02-08,410.65,410.6006326530612,-1,413.13,113,1
4472,2023-02-09,407.09,411.8727959183674,-1,414.41,114,1
4473,2023-02-10,408.04,403.37514285714286,-1,405.86,115,0
4474,2023-02-13,412.83,411.2223673469388,1,408.72,116,1
4475,2023-02-14,412.64,412.07926530612247,1,411.24,117,1
4476,2023-02-15,413.98,407.8376530612245,-1,410.35,118,0
4477,2023-02-16,408.28,406.2872040816327,-1,408.79,119,1
4478,2023-02-17,407.26,403.57391836734695,-1,406.06,120,0
4479,2023-02-21,399.09,400.5922857142857,-1,403.06,121,1
4480,2023-02-22,398.54,397.0739591836735,-1,399.52,122,1
4481,2023-02-23,400.66,399.1014693877551,-1,401.56,123,1
4482,2023-02-24,396.38,396.2269795918368,1,395.42,124,1
4483,2023-02-27,397.73,397.4218163265306,-1,399.87,125,1
4484,2023-02-28,396.26,398.0406734693878,1,397.23,126,0
4485,2023-03-01,394.74,392.9891224489796,-1,395.41,127,1
4486,2023-03-02,397.81,393.4813877551021,1,392.68,128,1
4487,2023-03-03,404.19,400.5257346938776,1,399.71,129,1
4488,2023-03-06,404.47,402.5701020408164,-1,405.05,130,1
4489,2023-03-07,398.27,401.9439591836735,-1,404.42,131,1
4490,2023-03-08,398.92,395.9508775510204,-1,398.39,132,0
4491,2023-03-09,391.56,397.292612244898,-1,399.74,133,1
4492,2023-03-10,385.91,391.7879387755102,1,390.99,134,0
4493,2023-03-13,385.36,384.147612244898,1,381.81,135,1
4494,2023-03-14,391.73,388.1091836734694,-1,390.5,136,0
4495,2023-03-15,389.28,383.5274081632653,-1,385.89,137,0
4496,2023-03-16,396.11,384.4517142857143,-1,386.82,138,0
4497,2023-03-17,389.99,390.8125306122449,-1,393.22,139,1
4498,2023-03-20,393.74,393.1926530612245,1,390.8,140,1
4499,2023-03-21,398.91,394.807918367347,-1,397.24,141,0
4500,2023-03-22,392.11,396.2887959183674,-1,398.73,142,1
4501,2023-03-23,393.17,392.67108163265306,-1,395.09,143,1
4502,2023-03-24,395.75,394.2400265306123,1,391.841,144,1
4503,2023-03-27,396.49,400.55746938775513,1,398.12,145,0
4504,2023-03-28,395.6,393.3469183673469,-1,395.77,146,1
4505,2023-03-29,401.35,397.4764795918368,-1,399.925,147,0
4506,2023-03-30,403.7,404.91467346938776,1,404.09,148,0
4507,2023-03-31,409.39,405.4858367346939,1,404.66,149,1
4508,2023-04-03,410.95,409.6843877551021,1,408.85,150,1
4509,2023-04-04,408.67,409.0998775510204,-1,411.62,151,1
4510,2023-04-05,407.6,405.4125918367348,-1,407.91,152,1
4511,2023-04-06,409.19,404.2795714285714,-1,406.77,153,0
4512,2023-04-10,409.61,407.43981632653066,1,406.61,154,1
4513,2023-04-11,409.72,411.0972653061224,1,410.26,155,0
4514,2023-04-12,408.05,409.34834693877553,-1,411.87,156,1
4515,2023-04-13,413.47,410.0150612244898,1,409.18,157,1
4516,2023-04-14,412.46,410.2825918367347,-1,412.81,158,1
4517,2023-04-17,413.94,409.84528571428575,-1,412.37,159,0
4518,2023-04-18,414.21,413.0356326530612,-1,415.58,160,1
4519,2023-04-19,414.14,413.0612653061225,1,412.22,161,1
4520,2023-04-20,411.88,412.04920408163264,1,411.21,162,1
4521,2023-04-21,412.2,413.0312040816327,1,412.19,163,1
4522,2023-04-24,412.63,412.83079591836736,1,411.99,164,1
4523,2023-04-25,406.08,411.4179183673469,1,410.58,165,0
4524,2023-04-26,404.36,407.55004081632654,1,406.72,166,0
4525,2023-04-27,412.41,404.50816326530617,-1,407.0,167,0
4526,2023-04-28,415.93,408.9706734693878,-1,411.49,168,0
4527,2023-05-01,415.51,412.926306122449,-1,415.47,169,0
4528,2023-05-02,410.84,412.2305918367347,-1,414.77,170,1
4529,2023-05-03,408.02,408.8414693877551,-1,411.36,171,1
4530,2023-05-04,405.13,404.4385918367347,-1,406.93,172,1
4531,2023-05-05,412.63,406.4064693877551,-1,408.91,173,0
4532,2023-05-08,412.74,410.441612244898,-1,412.97,174,1
4533,2023-05-09,410.93,408.6128775510204,-1,411.13,175,1
4534,2023-05-10,412.85,411.34604081632654,-1,413.88,176,1
4535,2023-05-11,412.13,412.7907142857143,1,411.95,177,1
4536,2023-05-12,411.59,410.8888571428572,-1,413.42,178,1
4537,2023-05-15,413.01,413.0612653061225,1,412.22,179,1
4538,2023-05-16,410.25,409.3384081632653,-1,411.86,180,1
4539,2023-05-17,415.23,413.19153061224495,1,412.35,181,1
4540,2023-05-18,419.23,415.7467346938776,1,414.9,182,1
4541,2023-05-19,418.62,417.59753061224495,-1,420.17,183,1
4542,2023-05-22,418.79,416.07689795918367,-1,418.64,184,0
4543,2023-05-23,414.09,414.5264489795919,-1,417.08,185,1
4544,2023-05-24,411.09,413.2616734693878,1,412.42,186,0
4545,2023-05-25,414.65,412.2007755102041,-1,414.74,187,1
4546,2023-05-26,420.02,416.17761224489794,1,415.33,188,1
4547,2023-05-30,420.18,422.8912857142857,1,422.03,189,0
4548,2023-05-31,417.85,415.7191020408163,-1,418.28,190,1
4549,2023-06-01,421.82,415.5302653061224,-1,418.09,191,0
4550,2023-06-02,427.92,425.3663265306122,1,424.5,192,1
4551,2023-06-05,427.1,425.6578775510204,-1,428.28,193,1
4552,2023-06-06,428.03,424.0577346938776,-1,426.67,194,0
4553,2023-06-07,426.55,425.8168979591837,-1,428.44,195,1
4554,2023-06-08,429.13,427.4906530612245,1,426.62,196,1
4555,2023-06-09,429.9,430.8374693877551,1,429.96,197,0
4556,2023-06-12,433.8,431.7994285714286,1,430.92,198,1
4557,2023-06-13,436.66,436.2084081632653,1,435.32,199,1
4558,2023-06-14,437.18,437.9018571428571,1,437.01,200,1
4559,2023-06-15,442.6,437.2204693877551,1,436.33,201,1
4560,2023-06-16,439.46,443.9241224489796,1,443.02,202,0
4561,2023-06-20,437.18,434.77173469387753,-1,437.45,203,1
4562,2023-06-21,434.94,433.4896326530613,-1,436.16,204,1
4563,2023-06-22,436.51,434.835612244898,1,433.95,205,1
4564,2023-06-23,433.21,433.8135306122449,1,432.93,206,1
4565,2023-06-26,431.44,433.5028979591837,1,432.62,207,0
4566,2023-06-27,436.17,433.2323469387756,1,432.35,208,1
4567,2023-06-28,436.39,435.9378571428572,1,435.05,209,1
4568,2023-06-29,438.11,433.29085714285713,-1,435.96,210,0
4569,2023-06-30,443.28,438.737306122449,-1,441.44,211,0
4570,2023-07-03,443.79,443.82391836734695,1,442.92,212,1
4571,2023-07-05,443.13,442.8118571428572,1,441.91,213,1
4572,2023-07-06,439.66,440.3167755102041,1,439.42,214,1
4573,2023-07-07,438.55,439.5251632653061,1,438.63,215,0
4574,2023-07-10,439.66,439.0742448979592,1,438.18,216,1
4575,2023-07-11,442.46,441.3488775510204,1,440.45,217,1
4576,2023-07-12,446.02,447.301,1,446.39,218,0
4577,2023-07-13,449.56,448.814081632653,1,447.9,219,1
4578,2023-07-14,449.28,451.3943367346939,1,450.475,220,0
4579,2023-07-17,450.84,450.0465918367347,1,449.13,221,1
4580,2023-07-18,454.19,451.4193877551021,1,450.5,222,1
4581,2023-07-19,455.2,455.9385918367347,1,455.01,223,1
4582,2023-07-20,452.18,451.3893673469388,-1,454.17,224,1
4583,2023-07-21,452.18,454.8864489795918,1,453.96,225,0
4584,2023-07-24,454.2,454.2952448979592,1,453.37,226,1
4585,2023-07-25,455.44,454.8463673469388,1,453.92,227,1
4586,2023-07-26,455.51,455.3974897959184,1,454.47,228,1
4587,2023-07-27,452.49,459.95677551020407,1,459.02,229,0
4588,2023-07-28,456.92,456.8103673469388,1,455.88,230,1
4589,2023-07-31,457.79,454.60953061224495,-1,457.41,231,0
4590,2023-08-01,456.48,457.2011632653061,1,456.27,232,1
4591,2023-08-02,450.13,454.175,1,453.25,233,0
4592,2023-08-03,448.84,448.9543673469388,1,448.04,234,1
4593,2023-08-04,446.81,447.9604897959184,-1,450.72,235,1
4594,2023-08-07,450.71,449.6257346938775,1,448.71,236,1
4595,2023-08-08,448.75,445.33665306122447,-1,448.08,237,0
4596,2023-08-09,445.75,449.946387755102,1,449.03,238,0
4597,2023-08-10,445.91,449.10467346938776,1,448.19,239,0
4598,2023-08-11,445.65,441.2518163265307,-1,443.97,240,0
4599,2023-08-14,448.11,441.9773469387755,-1,444.7,241,0
4600,2023-08-15,442.89,447.1807551020408,1,446.27,242,0
4601,2023-08-16,439.64,439.7510612244898,-1,442.46,243,1
4602,2023-08-17,436.29,438.4590204081633,-1,441.16,244,1
4603,2023-08-18,436.5,430.7167142857143,-1,433.37,245,0
4604,2023-08-21,439.34,434.8711224489796,-1,437.55,246,0
4605,2023-08-22,438.15,438.4788979591837,-1,441.18,247,1
4606,2023-08-23,443.03,436.5607142857143,-1,439.25,248,0
4607,2023-08-24,436.89,441.9674081632653,-1,444.69,249,1
4608,2023-08-25,439.97,435.9942040816327,-1,438.68,250,0
4609,2023-08-28,442.76,439.53240816326536,-1,442.24,251,0
4610,2023-08-29,449.16,439.93989795918367,-1,442.65,252,0
4611,2023-08-30,451.01,450.4273673469388,1,449.51,253,1
4612,2023-08-31,450.35,448.8847959183673,-1,451.65,254,1
4613,2023-09-01,451.19,450.3954897959184,-1,453.17,255,1
4614,2023-09-05,449.24,451.6498571428572,1,450.73,256,0
4615,2023-09-06,446.22,445.65469387755104,-1,448.4,257,1
4616,2023-09-07,444.85,444.014306122449,1,443.11,258,1
4617,2023-09-08,445.52,442.1761224489796,-1,444.9,259,0
4618,2023-09-11,448.45,449.1547755102041,1,448.24,260,1
4619,2023-09-12,445.99,447.8621428571429,1,446.95,261,0
4620,2023-09-13,446.51,447.1306530612245,1,446.22,262,1
4621,2023-09-14,450.36,449.9864693877551,1,449.07,263,1
4622,2023-09-15,443.37,448.0525306122449,1,447.14,264,0
4623,2023-09-18,443.63,443.9541836734694,1,443.05,265,1
4624,2023-09-19,442.71,439.9697142857143,-1,442.68,266,0
4625,2023-09-20,438.64,444.91614285714286,1,444.01,267,0
4626,2023-09-21,431.39,436.5891836734694,1,435.7,268,0
4627,2023-09-22,430.42,429.80234693877554,-1,432.45,269,1
4628,2023-09-25,432.23,426.5424285714286,-1,429.17,270,0
4629,2023-09-26,425.88,429.965693877551,1,429.09,271,0
4630,2023-09-27,426.05,424.4751632653061,-1,427.09,272,1
4631,2023-09-28,428.52,422.8750204081633,-1,425.48,273,0
4632,2023-09-29,427.48,429.0271224489797,-1,431.67,274,1
4633,2023-10-02,427.31,424.00804081632657,-1,426.62,275,0
4634,2023-10-03,421.59,422.4575918367347,-1,425.06,276,1
4635,2023-10-04,424.66,422.9313673469388,1,422.07,277,1
4636,2023-10-05,424.5,421.76187755102046,-1,424.36,278,0
4637,2023-10-06,429.54,419.3865102040817,-1,421.97,279,0
4638,2023-10-09,432.29,424.9621632653061,-1,427.58,280,0
4639,2023-10-10,434.54,430.2893469387755,-1,432.94,281,0
4640,2023-10-11,436.32,432.9728163265306,-1,435.64,282,0
4641,2023-10-12,433.66,434.2747959183674,-1,436.95,283,1
4642,2023-10-13,431.5,432.5454489795918,-1,435.21,284,1
4643,2023-10-16,436.04,431.1639591836735,-1,433.82,285,0
4644,2023-10-17,436.02,430.1601428571429,-1,432.81,286,0
4645,2023-10-18,430.21,431.5316938775511,-1,434.19,287,1
4646,2023-10-19,426.43,428.3115306122449,-1,430.95,288,1
4647,2023-10-20,421.19,423.3719591836735,-1,425.98,289,1
4648,2023-10-23,420.46,417.0409591836735,-1,419.61,290,0
4649,2023-10-24,423.63,420.0623469387755,-1,422.65,291,0
4650,2023-10-25,417.55,419.307,-1,421.89,292,1
4651,2023-10-26,412.55,413.90030612244897,-1,416.45,293,1
4652,2023-10-27,410.68,411.65414285714286,-1,414.19,294,1
4653,2023-10-30,415.59,411.028,-1,413.56,295,0
4654,2023-10-31,418.2,413.6319591836735,-1,416.18,296,0
4655,2023-11-01,422.66,416.6334693877551,-1,419.2,297,0
4656,2023-11-02,430.76,427.4505714285714,1,426.58,298,1
4657,2023-11-03,434.69,430.4881224489796,-1,433.14,299,0
4658,2023-11-06,435.69,432.8038571428572,-1,435.47,300,0
4659,2023-11-07,436.93,433.0225102040816,-1,435.69,301,0
4660,2023-11-08,437.25,434.8711224489796,-1,437.55,302,1
4661,2023-11-09,433.84,439.32475510204085,1,438.43,303,0
4662,2023-11-10,440.61,436.86975510204087,1,435.98,304,1
4663,2023-11-13,440.19,436.5408367346939,-1,439.23,305,0
4664,2023-11-14,448.73,443.5874285714286,-1,446.32,306,0
4665,2023-11-15,449.68,447.354224489796,-1,450.11,307,1
4666,2023-11-16,450.23,446.46967346938777,-1,449.22,308,0
4667,2023-11-17,450.79,451.1588571428572,1,450.24,309,1
4668,2023-11-20,454.26,451.4494489795918,1,450.53,310,1
4669,2023-11-21,453.27,454.1090657142857,1,453.1842,311,1
4670,2023-11-22,455.02,452.1944081632653,-1,454.98,312,0
4671,2023-11-24,455.3,455.9987142857143,1,455.07,313,1
4672,2023-11-27,454.48,455.5778571428571,1,454.65,314,0
4673,2023-11-28,454.93,455.006693877551,1,454.08,315,1
4674,2023-11-29,454.61,458.08295918367344,1,457.15,316,0
4675,2023-11-30,456.4,456.4095510204082,1,455.48,317,1
4676,2023-12-01,459.1,456.7001428571429,1,455.77,318,1
4677,2023-12-04,456.69,456.52979591836737,1,455.6,319,1
4678,2023-12-05,456.6,452.472693877551,-1,455.26,320,0
4679,2023-12-06,454.76,459.7463469387755,1,458.81,321,0
4680,2023-12-07,458.23,457.8424693877552,1,456.91,322,1
4681,2023-12-08,460.2,454.6592244897959,-1,457.46,323,0
4682,2023-12-11,461.99,460.6281428571429,1,459.69,324,1
4683,2023-12-12,464.1,462.57210204081633,1,461.63,325,1
4684,2023-12-13,470.5,465.4379387755103,1,464.49,326,1
4685,2023-12-14,472.01,473.4642857142857,1,472.5,327,0
4686,2023-12-15,469.33,466.61557142857146,-1,469.49,328,1
4687,2023-12-18,471.97,468.0964489795919,-1,470.98,329,0
4688,2023-12-19,474.84,473.4943469387755,1,472.53,330,1
4689,2023-12-20,468.26,474.9272653061224,1,473.96,331,0
4690,2023-12-21,472.7,472.2918979591837,1,471.33,332,1
4691,2023-12-22,473.65,470.95881632653067,-1,473.86,333,1
4692,2023-12-26,475.65,475.0374897959184,1,474.07,334,1
4693,2023-12-27,476.51,476.41028571428575,1,475.44,335,1
4694,2023-12-28,476.69,477.85322448979593,1,476.88,336,0
4695,2023-12-29,475.31,477.4624285714286,1,476.49,337,0
4696,2024-01-02,472.65,473.1235918367347,1,472.16,338,1
4697,2024-01-03,468.79,471.3900612244898,1,470.43,339,0
4698,2024-01-04,467.28,469.2557142857143,1,468.3,340,0
4699,2024-01-05,467.92,468.4440612244898,1,467.49,341,1
4700,2024-01-08,474.6,469.3859795918368,1,468.43,342,1
4701,2024-01-09,473.88,472.833,1,471.87,343,1
4702,2024-01-10,476.56,471.2569795918368,-1,474.16,344,0
4703,2024-01-11,476.35,474.66597959183673,-1,477.59,345,1
4704,2024-01-12,476.68,474.91444897959184,-1,477.84,346,1
4705,2024-01-16,474.93,472.3502448979592,-1,475.26,347,1
4706,2024-01-17,472.29,472.7828979591837,1,471.82,348,1
4707,2024-01-18,476.49,474.9773673469388,1,474.01,349,1
4708,2024-01-19,482.43,478.62479591836734,1,477.65,350,1
4709,2024-01-22,483.45,484.99777551020406,1,484.01,351,0
4710,2024-01-23,484.86,481.04667346938777,-1,484.01,352,0
4711,2024-01-24,485.39,484.8234081632653,-1,487.81,353,1
4712,2024-01-25,488.03,488.5700510204082,1,487.575,354,1
4713,2024-01-26,487.41,488.585081632653,1,487.59,355,0
4714,2024-01-29,491.27,488.7253673469388,1,487.73,356,1
4715,2024-01-30,490.89,491.5611428571429,1,490.56,357,1
4716,2024-01-31,482.88,489.6171836734694,1,488.62,358,0
4717,2024-02-01,489.2,485.61904081632656,1,484.63,359,1
4718,2024-02-02,494.35,486.6521428571429,-1,489.65,360,0
4719,2024-02-05,492.55,490.6723775510204,-1,493.695,361,1
4720,2024-02-06,493.98,490.49844897959184,-1,493.52,362,0
4721,2024-02-07,498.1,493.2514897959184,-1,496.29,363,0
4722,2024-02-08,498.32,499.11653061224496,1,498.1,364,1
4723,2024-02-09,501.2,499.85804081632654,1,498.84,365,1
4724,2024-02-12,500.98,502.1927959183674,1,501.17,366,0
4725,2024-02-13,494.08,495.5392448979592,1,494.53,367,0
4726,2024-02-14,498.57,497.8038571428572,1,496.79,368,1
4727,2024-02-15,502.01,500.3089591836735,1,499.29,369,1
4728,2024-02-16,499.51,502.7238775510204,1,501.7,370,0
4729,2024-02-20,496.76,498.73575510204086,1,497.72,371,0
4730,2024-02-21,497.21,496.4310612244898,1,495.42,372,1
4731,2024-02-22,507.5,505.0385918367347,1,504.01,373,1
4732,2024-02-23,507.85,510.3093265306122,1,509.27,374,0
4733,2024-02-26,505.99,505.1879591836735,-1,508.3,375,1
4734,2024-02-27,506.93,507.734081632653,1,506.7,376,1
4735,2024-02-28,506.26,506.3612857142857,1,505.33,377,1
4736,2024-02-29,508.08,509.1068775510204,1,508.07,378,1
4737,2024-03-01,512.85,510.0187346938776,1,508.98,379,1
4738,2024-03-04,512.3,513.0749591836734,1,512.03,380,1
4739,2024-03-05,507.18,507.1160816326531,-1,510.24,381,1
4740,2024-03-06,509.75,511.59193877551024,1,510.55,382,0
4741,2024-03-07,514.81,509.99832653061225,-1,513.14,383,0
4742,2024-03-08,511.72,516.5119591836735,1,515.46,384,0
4743,2024-03-11,511.28,511.5217959183674,1,510.48,385,1
4744,2024-03-12,516.78,510.3064285714286,-1,513.45,386,0
4745,2024-03-13,515.97,518.1653265306122,1,517.11,387,0
4746,2024-03-14,514.95,518.0250408163266,1,516.97,388,0
4747,2024-03-15,509.83,511.2512448979592,1,510.21,389,0
4748,2024-03-18,512.86,510.8530612244898,-1,514.0,390,1
4749,2024-03-19,515.71,513.1952040816326,1,512.15,391,1
4750,2024-03-20,520.48,516.8225918367347,1,515.77,392,1
4751,2024-03-21,522.2,524.4581428571429,1,523.39,393,0
4752,2024-03-22,521.21,518.9134081632653,-1,522.11,394,1
4753,2024-03-25,519.77,516.6175510204081,-1,519.8,395,1
4754,2024-03-26,518.81,522.2937346938776,1,521.23,396,0
4755,2024-03-27,523.17,522.7747142857144,1,521.71,397,1
4756,2024-03-28,523.07,524.2777755102042,1,523.21,398,0
4757,2024-04-01,522.16,524.8990408163265,1,523.83,399,0
4758,2024-04-02,518.84,519.2976326530612,1,518.24,400,1
4759,2024-04-03,519.41,518.7765714285715,1,517.72,401,1
4760,2024-04-04,513.07,524.5884081632653,1,523.52,402,0
4761,2024-04-05,518.43,515.509918367347,1,514.46,403,1
4762,2024-04-08,518.72,515.9715306122449,-1,519.15,404,1
4763,2024-04-09,519.32,517.3132653061225,-1,520.5,405,1
4764,2024-04-10,514.12,510.3362448979592,-1,513.48,406,0
4765,2024-04-11,518.0,512.522775510204,-1,515.68,407,0
4766,2024-04-12,510.85,515.4197346938776,1,514.37,408,0
4767,2024-04-15,504.45,516.1812857142858,1,515.13,409,0
4768,2024-04-16,503.53,501.8485306122449,-1,504.94,410,1
4769,2024-04-17,500.55,509.1482653061225,1,506.05,411,0
4770,2024-04-18,499.52,503.0044489795919,1,501.98,412,0
4771,2024-04-19,495.16,496.3822040816327,-1,499.44,413,1
4772,2024-04-22,499.72,494.7820612244898,-1,497.83,414,0
4773,2024-04-23,505.65,498.7078775510204,-1,501.78,415,0
4774,2024-04-24,505.41,503.458612244898,-1,506.56,416,1
4775,2024-04-25,503.49,496.12379591836736,-1,499.18,417,0
4776,2024-04-26,508.26,503.2498979591837,-1,506.35,418,0
4777,2024-04-29,510.06,506.967,-1,510.09,419,1
4778,2024-04-30,501.98,505.4463673469388,-1,508.56,420,1
4779,2024-05-01,500.35,498.31032653061226,-1,501.38,421,1
4780,2024-05-02,505.03,501.0633673469388,-1,504.15,422,0
4781,2024-05-03,511.29,508.0304489795919,-1,511.16,423,0
4782,2024-05-06,516.57,510.6045918367347,-1,513.75,424,0
4783,2024-05-07,517.14,518.6162448979592,1,517.56,425,0
4784,2024-05-08,517.19,516.3115510204082,1,515.26,426,1
4785,2024-05-09,520.17,518.4358775510204,1,517.38,427,1
4786,2024-05-10,520.84,522.8749183673469,1,521.81,428,0
4787,2024-05-13,520.91,523.6264489795918,1,522.56,429,0
4788,2024-05-14,523.3,522.1734897959184,1,521.11,430,1
4789,2024-05-15,529.78,526.9031224489796,1,525.83,431,1
4790,2024-05-16,528.69,530.961387755102,1,529.88,432,0
4791,2024-05-17,529.45,525.572387755102,-1,528.81,433,0
4792,2024-05-20,530.06,530.6507551020409,1,529.57,434,1
4793,2024-05-21,531.36,530.3601632653061,1,529.28,435,1
4794,2024-05-22,529.83,531.7329591836734,1,530.65,436,0
4795,2024-05-23,525.96,534.0476734693879,1,532.96,437,0
4796,2024-05-24,529.44,528.9272448979592,1,527.85,438,1
4797,2024-05-28,529.81,527.0234489795919,-1,530.27,439,1
4798,2024-05-29,526.1,526.7528163265306,1,525.68,440,1
4799,2024-05-30,522.61,525.5904489795919,1,524.52,441,0
4800,2024-05-31,527.37,524.6585510204083,1,523.59,442,1
4801,2024-06-03,527.8,530.0996326530612,1,529.02,443,0
4802,2024-06-04,528.39,523.2367755102041,-1,526.46,444,0
4803,2024-06-05,534.67,527.5203877551021,-1,530.77,445,0
4804,2024-06-06,534.66,536.0717959183673,1,534.98,446,0
4805,2024-06-07,534.01,530.392693877551,-1,533.66,447,0
4806,2024-06-10,535.66,534.2681224489795,1,533.18,448,1
4807,2024-06-11,536.95,535.1599387755102,1,534.07,449,1
4808,2024-06-12,541.36,542.7353673469388,1,541.63,450,0
4809,2024-06-13,542.45,544.2584693877551,1,543.15,451,0
4810,2024-06-14,542.78,541.9838367346939,1,540.88,452,1
4811,2024-06-17,547.1,543.1862857142858,1,542.08,453,1
4812,2024-06-18,548.49,548.2766530612245,1,547.16,454,1
4813,2024-06-20,547.0,546.0760816326531,-1,549.44,455,1
4814,2024-06-21,544.51,541.0669387755102,-1,544.4,456,0
4815,2024-06-24,542.74,540.9973673469389,-1,544.33,457,1
4816,2024-06-25,544.83,545.1001836734694,1,543.99,458,1
4817,2024-06-26,545.51,544.7995714285715,1,543.69,459,1
4818,2024-06-27,546.37,546.4830000000001,1,545.37,460,1
4819,2024-06-28,544.22,548.2766530612245,1,547.16,461,0
4820,2024-07-01,545.34,546.7435306122449,1,545.63,462,0
4821,2024-07-02,549.01,544.8095918367347,1,543.7,463,1
4822,2024-07-03,551.46,549.8097755102042,1,548.69,464,1
4823,2024-07-05,554.64,548.3918163265306,-1,551.77,465,0
4824,2024-07-08,555.28,552.0393469387756,-1,555.44,466,1
4825,2024-07-09,555.82,552.8543265306123,-1,556.26,467,1
4826,2024-07-10,561.32,558.2068775510205,1,557.07,468,1
4827,2024-07-11,556.48,562.5857959183675,1,561.44,469,0
4828,2024-07-12,559.99,554.2159387755103,-1,557.63,470,0
4829,2024-07-15,561.53,558.5889999999999,-1,562.03,471,1
4830,2024-07-16,564.86,559.4188877551021,-1,562.865,472,0
4831,2024-07-17,556.94,555.378775510204,-1,558.8,473,1
