,date,Actual_Close,Predicted_Close,Predicted_Win_Lose
4357,2022-08-25,419.51,416.0874285714286,1
4358,2022-08-26,405.31,420.24589795918365,1
4359,2022-08-29,402.63,401.37918367346936,-1
4360,2022-08-30,398.21,404.67418367346943,1
4361,2022-08-31,395.18,400.74618367346943,1
4362,2022-09-01,396.42,393.6918163265306,1
4363,2022-09-02,392.24,401.09689795918365,1
4364,2022-09-06,390.76,392.327693877551,-1
4365,2022-09-07,397.78,391.2267959183674,1
4366,2022-09-08,400.38,396.19691836734694,1
4367,2022-09-09,406.6,403.56191836734695,1
4368,2022-09-12,410.97,409.61424489795917,1
4369,2022-09-13,393.1,401.0099387755102,-1
4370,2022-09-14,394.6,395.27504081632657,1
4371,2022-09-15,390.12,393.76195918367347,1
4372,2022-09-16,385.56,384.92395918367345,1
4373,2022-09-19,388.55,383.0401224489796,1
4374,2022-09-20,384.09,384.27416326530613,-1
4375,2022-09-21,377.39,385.32202040816327,-1
4376,2022-09-22,374.22,377.3485306122449,1
4377,2022-09-23,367.95,371.3362857142857,1
4378,2022-09-26,364.31,367.1577755102041,1
4379,2022-09-27,363.38,368.7710612244898,1
4380,2022-09-28,370.53,365.12363265306124,1
4381,2022-09-29,362.79,367.5585918367347,1
4382,2022-09-30,357.18,362.5383673469388,1
4383,2022-10-03,366.61,361.8168979591837,1
4384,2022-10-04,377.97,373.15999999999997,1
4385,2022-10-05,377.09,374.15202040816325,1
4386,2022-10-06,373.2,376.3865714285714,1
4387,2022-10-07,362.79,369.723,1
4388,2022-10-10,360.02,364.70277551020405,1
4389,2022-10-11,357.74,358.96609183673473,1
4390,2022-10-12,356.56,358.9009591836735,1
4391,2022-10-13,365.97,349.9176632653061,1
4392,2022-10-14,357.63,369.3021428571429,1
4393,2022-10-17,366.82,363.2671224489796,-1
4394,2022-10-18,371.13,374.36442857142856,-1
4395,2022-10-19,368.5,369.7430408163265,1
4396,2022-10-20,365.41,368.78108163265307,1
4397,2022-10-21,374.29,365.86514285714287,1
4398,2022-10-24,378.87,376.6571224489796,1
4399,2022-10-25,384.92,379.5630408163266,1
4400,2022-10-26,382.02,382.3988163265306,1
4401,2022-10-27,379.98,383.8517755102041,1
4402,2022-10-28,389.02,380.6452448979592,1
4403,2022-10-31,386.21,387.2286530612245,1
4404,2022-11-01,384.52,390.93620408163264,1
4405,2022-11-02,374.87,384.6834693877551,1
4406,2022-11-03,371.01,372.2230918367347,1
4407,2022-11-04,376.35,377.76938775510206,1
4408,2022-11-07,379.95,378.48083673469387,1
4409,2022-11-08,382.0,381.8877755102041,1
4410,2022-11-09,374.13,379.15463265306124,-1
4411,2022-11-10,394.69,388.84193877551024,1
4412,2022-11-11,398.51,396.39732653061225,1
4413,2022-11-14,395.12,397.46951020408164,1
4414,2022-11-15,398.49,401.96867346938774,1
4415,2022-11-16,395.45,397.5897551020408,1
4416,2022-11-17,394.24,391.25685714285714,1
4417,2022-11-18,396.03,396.9282857142857,-1
4418,2022-11-21,394.59,393.8346122448979,-1
4419,2022-11-22,399.9,397.4394489795918,1
4420,2022-11-23,402.42,398.7345918367347,-1
4421,2022-11-25,402.33,402.6500612244898,1
4422,2022-11-28,395.91,398.27553061224484,-1
4423,2022-11-29,395.23,396.85826530612246,1
4424,2022-11-30,407.68,396.2971224489796,1
4425,2022-12-01,407.38,409.6042244897959,1
4426,2022-12-02,406.91,403.07091836734696,1
4427,2022-12-05,399.59,404.77438775510205,1
4428,2022-12-06,393.83,398.60485714285716,-1
4429,2022-12-07,393.16,393.74191836734695,1
4430,2022-12-08,396.24,395.9464081632653,1
4431,2022-12-09,393.28,395.746,1
4432,2022-12-12,398.95,394.914306122449,1
4433,2022-12-13,401.97,411.0571836734694,1
4434,2022-12-14,399.4,400.790387755102,-1
4435,2022-12-15,389.63,395.10469387755103,1
4436,2022-12-16,383.27,385.9660816326531,1
4437,2022-12-19,380.02,384.2525918367347,1
4438,2022-12-20,380.54,380.0039387755102,1
4439,2022-12-21,386.23,384.03214285714284,1
4440,2022-12-22,380.72,382.26826530612243,-1
4441,2022-12-23,382.91,380.42479591836735,1
4442,2022-12-27,381.4,383.5712040816327,1
4443,2022-12-28,376.66,380.55177551020404,-1
4444,2022-12-29,383.44,380.40475510204084,1
4445,2022-12-30,382.43,381.41681632653064,1
4446,2023-01-03,380.82,383.5855714285714,-1
4447,2023-01-04,383.76,383.962,1
4448,2023-01-05,379.38,382.4990204081633,1
4449,2023-01-06,388.08,381.82916326530614,-1
4450,2023-01-09,387.86,391.1666734693878,1
4451,2023-01-10,390.58,388.040306122449,1
4452,2023-01-11,395.52,393.03046938775515,1
4453,2023-01-12,396.96,395.86046938775513,-1
4454,2023-01-13,398.5,394.423306122449,1
4455,2023-01-17,397.77,399.29322448979593,1
4456,2023-01-18,391.49,398.195693877551,-1
4457,2023-01-19,388.64,390.154612244898,1
4458,2023-01-20,395.88,390.8961224489796,1
4459,2023-01-23,400.63,397.52963265306124,1
4460,2023-01-24,400.2,398.06595918367344,-1
4461,2023-01-25,400.35,396.7580612244898,1
4462,2023-01-26,404.75,403.9527142857143,1
4463,2023-01-27,405.68,402.8312142857142,-1
4464,2023-01-30,400.59,403.62204081632655,1
4465,2023-01-31,406.48,400.31136734693877,-1
4466,2023-02-01,410.8,406.03796122448983,1
4467,2023-02-02,416.78,414.0133469387755,-1
4468,2023-02-03,412.35,412.42997959183674,1
4469,2023-02-06,409.83,410.626306122449,1
4470,2023-02-07,415.19,408.0355714285714,-1
4471,2023-02-08,410.65,413.9731224489796,1
4472,2023-02-09,407.09,415.25573469387757,1
4473,2023-02-10,408.04,406.6882857142857,1
4474,2023-02-13,412.83,409.5541224489796,1
4475,2023-02-14,412.64,412.07926530612247,1
4476,2023-02-15,413.98,409.5125510204082,-1
4477,2023-02-16,408.28,409.6242653061225,1
4478,2023-02-17,407.26,405.231306122449,-1
4479,2023-02-21,399.09,403.88257142857145,1
4480,2023-02-22,398.54,400.3353469387755,1
4481,2023-02-23,400.66,402.37951020408167,1
4482,2023-02-24,396.38,394.61302040816327,-1
4483,2023-02-27,397.73,400.68606122448983,1
4484,2023-02-28,396.26,396.41932653061224,-1
4485,2023-03-01,394.74,396.2169591836735,1
4486,2023-03-02,397.81,391.87861224489797,-1
4487,2023-03-03,404.19,400.52573469387755,1
4488,2023-03-06,404.47,404.2233673469388,-1
4489,2023-03-07,398.27,405.2453469387755,1
4490,2023-03-08,398.92,399.2030408163265,1
4491,2023-03-09,391.56,400.5557959183674,1
4492,2023-03-10,385.91,391.7879387755102,1
4493,2023-03-13,385.36,382.58920408163266,1
4494,2023-03-14,391.73,391.2969387755102,1
4495,2023-03-15,389.28,386.6775306122449,1
4496,2023-03-16,396.11,387.60942857142857,1
4497,2023-03-17,389.99,392.4175102040816,-1
4498,2023-03-20,393.74,391.59755102040816,1
4499,2023-03-21,398.91,398.05069387755105,1
4500,2023-03-22,392.11,397.91626530612245,-1
4501,2023-03-23,393.17,395.89630612244895,1
4502,2023-03-24,395.75,392.6406755102041,1
4503,2023-03-27,396.49,398.9324897959184,1
4504,2023-03-28,395.6,394.962306122449,-1
4505,2023-03-29,401.35,400.7411734693878,1
4506,2023-03-30,403.7,403.2653265306122,-1
4507,2023-03-31,409.39,405.4858367346939,1
4508,2023-04-03,410.95,409.6843877551021,1
4509,2023-04-04,408.67,410.77995918367344,-1
4510,2023-04-05,407.6,408.74246938775514,1
4511,2023-04-06,409.19,407.6001428571428,1
4512,2023-04-10,409.61,405.78018367346937,-1
4513,2023-04-11,409.72,411.09726530612244,1
4514,2023-04-12,408.05,411.02944897959185,-1
4515,2023-04-13,413.47,410.01506122448984,1
4516,2023-04-14,412.46,413.6524693877551,1
4517,2023-04-17,413.94,411.52842857142855,-1
4518,2023-04-18,414.21,416.4281224489796,1
4519,2023-04-19,414.14,411.37873469387756,-1
4520,2023-04-20,411.88,412.04920408163264,1
4521,2023-04-21,412.2,411.34879591836733,-1
4522,2023-04-24,412.63,412.83079591836736,1
4523,2023-04-25,406.08,411.41791836734694,1
4524,2023-04-26,404.36,407.55004081632654,1
4525,2023-04-27,412.41,407.83061224489796,1
4526,2023-04-28,415.93,410.6502244897959,-1
4527,2023-05-01,415.51,414.62210204081634,-1
4528,2023-05-02,410.84,415.6164693877551,1
4529,2023-05-03,408.02,412.19951020408166,1
4530,2023-05-04,405.13,407.7604693877551,1
4531,2023-05-05,412.63,409.7445102040817,1
4532,2023-05-08,412.74,413.8127959183674,1
4533,2023-05-09,410.93,410.29095918367346,-1
4534,2023-05-10,412.85,414.7246530612245,1
4535,2023-05-11,412.13,411.1092857142857,-1
4536,2023-05-12,411.59,414.2637142857143,1
4537,2023-05-15,413.01,411.37873469387756,-1
4538,2023-05-16,410.25,412.7005306122449,1
4539,2023-05-17,415.23,411.5084693877551,-1
4540,2023-05-18,419.23,415.74673469387756,1
4541,2023-05-19,418.62,419.31251020408166,-1
4542,2023-05-22,418.79,419.49436734693876,1
4543,2023-05-23,414.09,417.9311836734694,1
4544,2023-05-24,411.09,411.57832653061223,-1
4545,2023-05-25,414.65,415.58640816326533,1
4546,2023-05-26,420.02,414.482387755102,-1
4547,2023-05-30,420.18,422.8912857142857,1
4548,2023-05-31,417.85,417.4263673469387,-1
4549,2023-06-01,421.82,418.9432448979592,1
4550,2023-06-02,427.92,423.63367346938776,-1
4551,2023-06-05,427.1,429.1540408163265,1
4552,2023-06-06,428.03,425.79924489795917,-1
4553,2023-06-07,426.55,429.3143673469388,1
4554,2023-06-08,429.13,425.7493469387755,-1
4555,2023-06-09,429.9,430.8374693877551,1
4556,2023-06-12,433.8,430.0405714285714,-1
4557,2023-06-13,436.66,436.2084081632653,1
4558,2023-06-14,437.18,436.11814285714286,-1
4559,2023-06-15,442.6,437.2204693877551,1
4560,2023-06-16,439.46,443.9241224489796,1
4561,2023-06-20,437.18,436.55724489795915,-1
4562,2023-06-21,434.94,437.0501224489796,1
4563,2023-06-22,436.51,433.064387755102,-1
4564,2023-06-23,433.21,433.8135306122449,1
4565,2023-06-26,431.44,431.7371020408163,-1
4566,2023-06-27,436.17,433.23234693877555,1
4567,2023-06-28,436.39,435.9378571428572,1
4568,2023-06-29,438.11,435.07028571428566,-1
4569,2023-06-30,443.28,442.3408979591837,1
4570,2023-07-03,443.79,442.0160816326531,-1
4571,2023-07-05,443.13,442.8118571428572,1
4572,2023-07-06,439.66,440.3167755102041,1
4573,2023-07-07,438.55,439.5251632653061,1
4574,2023-07-10,439.66,439.0742448979592,1
4575,2023-07-11,442.46,439.5511224489796,-1
4576,2023-07-12,446.02,447.301,1
4577,2023-07-13,449.56,446.9859183673469,-1
4578,2023-07-14,449.28,451.3943367346939,1
4579,2023-07-17,450.84,448.2134081632653,-1
4580,2023-07-18,454.19,451.41938775510204,1
4581,2023-07-19,455.2,454.0814081632653,-1
4582,2023-07-20,452.18,455.09687755102044,1
4583,2023-07-21,452.18,454.8864489795918,1
4584,2023-07-24,454.2,454.2952448979592,1
4585,2023-07-25,455.44,454.8463673469388,1
4586,2023-07-26,455.51,455.39748979591843,1
4587,2023-07-27,452.49,459.95677551020407,1
4588,2023-07-28,456.92,456.8103673469388,1
4589,2023-07-31,457.79,458.3434897959184,1
4590,2023-08-01,456.48,455.33883673469387,-1
4591,2023-08-02,450.13,454.175,1
4592,2023-08-03,448.84,447.12563265306125,-1
4593,2023-08-04,446.81,451.6398367346939,1
4594,2023-08-07,450.71,447.79426530612244,-1
4595,2023-08-08,448.75,448.9944489795918,1
4596,2023-08-09,445.75,448.1136122448979,-1
4597,2023-08-10,445.91,449.10467346938776,1
4598,2023-08-11,445.65,444.87606122448983,1
4599,2023-08-14,448.11,445.60755102040815,1
4600,2023-08-15,442.89,447.1807551020408,1
4601,2023-08-16,439.64,443.36297959183673,1
4602,2023-08-17,436.29,442.06032653061226,1
4603,2023-08-18,436.5,432.4855714285714,-1
4604,2023-08-21,439.34,438.4429591836735,1
4605,2023-08-22,438.15,440.27963265306124,-1
4606,2023-08-23,443.03,440.1464285714286,1
4607,2023-08-24,436.89,445.5975306122449,1
4608,2023-08-25,439.97,437.78473469387757,-1
4609,2023-08-28,442.76,443.1425306122449,1
4610,2023-08-29,449.16,441.74663265306117,-1
4611,2023-08-30,451.01,450.42736734693875,1
4612,2023-08-31,450.35,450.7282653061224,-1
4613,2023-09-01,451.19,454.0948367346939,1
4614,2023-09-05,449.24,451.6498571428572,1
4615,2023-09-06,446.22,449.3151020408163,1
4616,2023-09-07,444.85,444.014306122449,1
4617,2023-09-08,445.52,445.80795918367346,1
4618,2023-09-11,448.45,447.3252244897959,-1
4619,2023-09-12,445.99,447.8621428571429,1
4620,2023-09-13,446.51,447.1306530612245,1
4621,2023-09-14,450.36,449.9864693877551,1
4622,2023-09-15,443.37,448.0525306122449,1
4623,2023-09-18,443.63,443.9541836734694,1
4624,2023-09-19,442.71,443.5834285714286,1
4625,2023-09-20,438.64,443.1038571428571,-1
4626,2023-09-21,431.39,436.5891836734694,1
4627,2023-09-22,430.42,433.3325510204082,1
4628,2023-09-25,432.23,430.0458571428572,1
4629,2023-09-26,425.88,429.965693877551,1
4630,2023-09-27,426.05,426.218387755102,-1
4631,2023-09-28,428.52,426.34832653061227,1
4632,2023-09-29,427.48,430.7890408163265,-1
4633,2023-10-02,427.31,425.7493469387755,-1
4634,2023-10-03,421.59,425.92746938775514,1
4635,2023-10-04,424.66,421.2086326530612,-1
4636,2023-10-05,424.5,425.22604081632653,1
4637,2023-10-06,429.54,421.1088367346939,-1
4638,2023-10-09,432.29,428.452612244898,1
4639,2023-10-10,434.54,433.82355102040816,1
4640,2023-10-11,436.32,434.7509387755102,-1
4641,2023-10-12,433.66,437.8417346938775,1
4642,2023-10-13,431.5,436.09818367346935,1
4643,2023-10-16,436.04,434.7053469387755,1
4644,2023-10-17,436.02,433.6932857142857,1
4645,2023-10-18,430.21,433.30389795918364,-1
4646,2023-10-19,426.43,430.0705102040816,-1
4647,2023-10-20,421.19,426.8493469387755,1
4648,2023-10-23,420.46,420.46634693877553,1
4649,2023-10-24,423.63,423.5125510204081,1
4650,2023-10-25,417.55,421.029,-1
4651,2023-10-26,412.55,417.2998979591837,1
4652,2023-10-27,410.68,415.03528571428575,1
4653,2023-10-30,415.59,414.404,1
4654,2023-10-31,418.2,417.0293469387755,1
4655,2023-11-01,422.66,418.3444897959183,-1
4656,2023-11-02,430.76,427.45057142857144,1
4657,2023-11-03,434.69,432.2560408163265,-1
4658,2023-11-06,435.69,436.3587142857143,1
4659,2023-11-07,436.93,436.57916326530614,1
4660,2023-11-08,437.25,438.4429591836735,1
4661,2023-11-09,433.84,439.32475510204085,1
4662,2023-11-10,440.61,436.86975510204087,1
4663,2023-11-13,440.19,440.1263877551021,1
4664,2023-11-14,448.73,445.40914285714285,-1
4665,2023-11-15,449.68,451.02859183673473,1
4666,2023-11-16,450.23,448.3032244897959,-1
4667,2023-11-17,450.79,451.1588571428572,1
4668,2023-11-20,454.26,449.61055102040814,-1
4669,2023-11-21,453.27,454.1090657142857,1
4670,2023-11-22,455.02,454.0514693877551,-1
4671,2023-11-24,455.3,455.9987142857143,1
4672,2023-11-27,454.48,453.72214285714284,-1
4673,2023-11-28,454.93,455.006693877551,1
4674,2023-11-29,454.61,458.08295918367344,1
4675,2023-11-30,456.4,456.4095510204082,1
4676,2023-12-01,459.1,456.70014285714285,1
4677,2023-12-04,456.69,454.6702040816327,-1
4678,2023-12-05,456.6,456.18910204081635,1
4679,2023-12-06,454.76,459.7463469387755,1
4680,2023-12-07,458.23,457.84246938775516,1
4681,2023-12-08,460.2,458.3935918367347,1
4682,2023-12-11,461.99,458.75185714285715,-1
4683,2023-12-12,464.1,462.57210204081633,1
4684,2023-12-13,470.5,465.43793877551025,1
4685,2023-12-14,472.01,473.4642857142857,1
4686,2023-12-15,469.33,468.5318571428571,-1
4687,2023-12-18,471.97,471.9411836734694,1
4688,2023-12-19,474.84,471.56565306122445,-1
4689,2023-12-20,468.26,474.9272653061224,1
4690,2023-12-21,472.7,470.3681020408163,-1
4691,2023-12-22,473.65,474.8270612244898,1
4692,2023-12-26,475.65,473.1025102040816,-1
4693,2023-12-27,476.51,476.41028571428575,1
4694,2023-12-28,476.69,475.90677551020406,-1
4695,2023-12-29,475.31,477.4624285714286,1
4696,2024-01-02,472.65,473.1235918367347,1
4697,2024-01-03,468.79,471.39006122448984,1
4698,2024-01-04,467.28,467.3442857142857,-1
4699,2024-01-05,467.92,468.4440612244898,1
4700,2024-01-08,474.6,467.47402040816326,-1
4701,2024-01-09,473.88,472.833,1
4702,2024-01-10,476.56,473.19232653061226,-1
4703,2024-01-11,476.35,478.56467346938774,1
4704,2024-01-12,476.68,476.86481632653056,-1
4705,2024-01-16,474.93,476.22991836734695,1
4706,2024-01-17,472.29,470.8571020408163,-1
4707,2024-01-18,476.49,474.97736734693876,1
4708,2024-01-19,482.43,476.6752040816326,-1
4709,2024-01-22,483.45,484.99777551020406,1
4710,2024-01-23,484.86,483.0222244897959,-1
4711,2024-01-24,485.39,488.8055306122449,1
4712,2024-01-25,488.03,486.5799489795918,-1
4713,2024-01-26,487.41,488.58508163265304,1
4714,2024-01-29,491.27,486.7346326530612,-1
4715,2024-01-30,490.89,491.5611428571429,1
4716,2024-01-31,482.88,487.6228163265306,-1
4717,2024-02-01,489.2,485.61904081632656,1
4718,2024-02-02,494.35,490.6492857142857,1
4719,2024-02-05,492.55,492.68745918367347,-1
4720,2024-02-06,493.98,492.5128163265306,-1
4721,2024-02-07,498.1,497.3028367346939,1
4722,2024-02-08,498.32,497.0834693877551,-1
4723,2024-02-09,501.2,499.85804081632654,1
4724,2024-02-12,500.98,502.1927959183674,1
4725,2024-02-13,494.08,495.5392448979592,1
4726,2024-02-14,498.57,497.80385714285717,1
4727,2024-02-15,502.01,500.3089591836735,1
4728,2024-02-16,499.51,502.7238775510204,1
4729,2024-02-20,496.76,498.73575510204086,1
4730,2024-02-21,497.21,496.43106122448984,1
4731,2024-02-22,507.5,505.0385918367347,1
4732,2024-02-23,507.85,510.3093265306122,1
4733,2024-02-26,505.99,507.2626530612245,-1
4734,2024-02-27,506.93,507.73408163265304,1
4735,2024-02-28,506.26,506.3612857142857,1
4736,2024-02-29,508.08,509.10687755102043,1
4737,2024-03-01,512.85,510.0187346938776,1
4738,2024-03-04,512.3,513.0749591836734,1
4739,2024-03-05,507.18,509.198693877551,-1
4740,2024-03-06,509.75,511.59193877551024,1
4741,2024-03-07,514.81,514.1872244897959,1
4742,2024-03-08,511.72,514.4080408163265,-1
4743,2024-03-11,511.28,511.5217959183674,1
4744,2024-03-12,516.78,514.4978571428572,1
4745,2024-03-13,515.97,518.1653265306122,1
4746,2024-03-14,514.95,518.0250408163266,1
4747,2024-03-15,509.83,511.25124489795917,1
4748,2024-03-18,512.86,515.0489795918368,1
4749,2024-03-19,515.71,511.1047959183673,-1
4750,2024-03-20,520.48,516.8225918367347,1
4751,2024-03-21,522.2,522.3218571428571,-1
4752,2024-03-22,521.21,523.1755306122449,1
4753,2024-03-25,519.77,520.8608163265305,1
4754,2024-03-26,518.81,522.2937346938776,1
4755,2024-03-27,523.17,522.7747142857144,1
4756,2024-03-28,523.07,524.2777755102042,1
4757,2024-04-01,522.16,524.8990408163265,1
4758,2024-04-02,518.84,519.2976326530612,1
4759,2024-04-03,519.41,518.7765714285715,1
4760,2024-04-04,513.07,524.5884081632653,1
4761,2024-04-05,518.43,515.509918367347,1
4762,2024-04-08,518.72,520.2094897959183,1
4763,2024-04-09,519.32,519.4377551020408,-1
4764,2024-04-10,514.12,514.527918367347,1
4765,2024-04-11,518.0,516.7324081632653,1
4766,2024-04-12,510.85,513.3202653061225,-1
4767,2024-04-15,504.45,516.1812857142858,1
4768,2024-04-16,503.53,505.97048979591835,1
4769,2024-04-17,500.55,507.08275510204084,1
4770,2024-04-18,499.52,503.00444897959187,1
4771,2024-04-19,495.16,500.45926530612246,1
4772,2024-04-22,499.72,498.84597959183674,1
4773,2024-04-23,505.65,502.8040408163265,1
4774,2024-04-24,505.41,505.52620408163267,-1
4775,2024-04-25,503.49,500.19873469387755,1
4776,2024-04-26,508.26,507.3833673469388,1
4777,2024-04-29,510.06,509.049,-1
4778,2024-04-30,501.98,509.5978775510204,1
4779,2024-05-01,500.35,502.40322448979595,1
4780,2024-05-02,505.03,505.1788775510204,1
4781,2024-05-03,511.29,510.1168163265306,-1
4782,2024-05-06,516.57,514.7984693877551,1
4783,2024-05-07,517.14,516.5037551020407,-1
4784,2024-05-08,517.19,516.3115510204082,1
4785,2024-05-09,520.17,518.4358775510204,1
4786,2024-05-10,520.84,522.8749183673469,1
4787,2024-05-13,520.91,523.6264489795918,1
4788,2024-05-14,523.3,522.1734897959184,1
4789,2024-05-15,529.78,526.9031224489796,1
4790,2024-05-16,528.69,528.798612244898,-1
4791,2024-05-17,529.45,529.8892040816326,1
4792,2024-05-20,530.06,530.6507551020409,1
4793,2024-05-21,531.36,530.3601632653061,1
4794,2024-05-22,529.83,531.7329591836734,1
4795,2024-05-23,525.96,534.0476734693879,1
4796,2024-05-24,529.44,528.9272448979592,1
4797,2024-05-28,529.81,531.3521836734694,1
4798,2024-05-29,526.1,524.6071836734693,-1
4799,2024-05-30,522.61,525.5904489795919,1
4800,2024-05-31,527.37,522.5214489795918,-1
4801,2024-06-03,527.8,530.0996326530612,1
4802,2024-06-04,528.39,525.3855918367348,-1
4803,2024-06-05,534.67,531.8532040816326,1
4804,2024-06-06,534.66,533.8882040816327,-1
4805,2024-06-07,534.01,534.7491020408163,1
4806,2024-06-10,535.66,534.2681224489795,1
4807,2024-06-11,536.95,535.1599387755102,1
4808,2024-06-12,541.36,542.7353673469388,1
4809,2024-06-13,542.45,544.2584693877551,1
4810,2024-06-14,542.78,541.9838367346939,1
4811,2024-06-17,547.1,543.1862857142858,1
4812,2024-06-18,548.49,548.2766530612245,1
4813,2024-06-20,547.0,548.318693877551,-1
4814,2024-06-21,544.51,545.5110204081633,1
4815,2024-06-24,542.74,545.4408775510204,1
4816,2024-06-25,544.83,545.1001836734694,1
4817,2024-06-26,545.51,544.7995714285715,1
4818,2024-06-27,546.37,546.4830000000001,1
4819,2024-06-28,544.22,548.2766530612245,1
4820,2024-07-01,545.34,546.7435306122449,1
4821,2024-07-02,549.01,544.8095918367347,1
4822,2024-07-03,551.46,549.8097755102042,1
4823,2024-07-05,554.64,550.6439387755102,-1
4824,2024-07-08,555.28,556.5735510204082,1
4825,2024-07-09,555.82,555.124775510204,-1
4826,2024-07-10,561.32,558.2068775510205,1
4827,2024-07-11,556.48,562.5857959183675,1
4828,2024-07-12,559.99,556.4919795918368,-1
4829,2024-07-15,561.53,563.177,1
4830,2024-07-16,564.86,561.7162959183673,-1
