,date,close,Predicted_Close,Predicted_Win_Lose
4806,2024-06-10,535.66,534.2681224489795,1
4807,2024-06-11,536.95,535.1599387755102,1
4808,2024-06-12,541.36,540.5246326530612,-1
4809,2024-06-13,542.45,544.2584693877551,1
4810,2024-06-14,542.78,541.9838367346939,1
4811,2024-06-17,547.1,543.1862857142858,1
4812,2024-06-18,548.49,546.0433469387755,-1
4813,2024-06-20,547.0,548.318693877551,-1
4814,2024-06-21,544.51,545.5110204081633,1
4815,2024-06-24,542.74,545.4408775510204,1
4816,2024-06-25,544.83,545.1001836734694,1
4817,2024-06-26,545.51,544.7995714285715,1
4818,2024-06-27,546.37,546.4830000000001,1
4819,2024-06-28,544.22,548.2766530612245,1
4820,2024-07-01,545.34,546.7435306122449,1
4821,2024-07-02,549.01,544.8095918367347,1
4822,2024-07-03,551.46,549.8097755102042,1
4823,2024-07-05,554.64,550.6439387755102,-1
4824,2024-07-08,555.28,556.5735510204082,1
4825,2024-07-09,555.82,557.395224489796,1
4826,2024-07-10,561.32,558.2068775510205,1
4827,2024-07-11,556.48,562.5857959183675,1
4828,2024-07-12,559.99,556.4919795918368,-1
4829,2024-07-15,561.53,563.177,1
4830,2024-07-16,564.86,561.7162959183673,-1
