date,close,high,low,open,volume,adjClose,adjHigh,adjLow,adjOpen,adjVolume,divCash,splitFactor
2019-07-12,203.3,204.39,198.41,200.81,101600835,49.0517164147852,49.3147088933494,47.871869423795,48.4509354316429,406403340,0.0,1.0
2019-07-19,202.59,206.5,202.36,204.09,87433154,48.8804093874635,49.8238044252491,48.8249155617114,49.2423256423684,349732616,0.0,1.0
2019-07-26,207.74,209.73,203.61,203.65,87153118,50.1229885293038,50.6031307608111,49.1265124407988,49.1361635409296,348612472,0.0,1.0
2019-08-02,204.02,221.37,201.63,208.46,219770512,49.2254362171395,53.4116008988735,48.6487829843243,50.2967083316582,879082048,0.0,1.0
2019-08-09,200.99,203.53,192.58,197.99,173211425,48.6801490597494,49.1088463274531,46.4652215797311,47.7705328724216,692845700,0.77,1.0
2019-08-16,206.5,212.14,199.15,199.62,163266105,50.0146812320924,51.3806996444362,48.2344976628145,48.3483325305099,653064420,0.0,1.0
2019-08-23,202.64,214.44,201.0,210.62,142066853,49.0797821059138,51.9377638906048,48.682571078211,51.0125528382727,568267412,0.0,1.0
2019-08-30,208.74,210.45,203.32,205.86,110091319,50.5572133674914,50.9713785244254,49.2444793613028,49.8596720505498,440365276,0.0,1.0
2019-09-06,213.26,214.42,204.22,206.43,82585672,51.6519657121357,51.9329198536816,49.462461022847,49.9977271028612,330342688,0.0,1.0
2019-09-13,218.75,226.42,211.07,214.84,175366943,52.9816538475555,54.8393420076047,51.1215436690448,52.0346446290689,701467772,0.0,1.0
2019-09-20,217.73,223.76,217.47,217.73,145352672,52.7346079644721,54.1950850968184,52.6716354844704,52.7346079644721,581410688,0.0,1.0
2019-09-27,218.82,222.49,217.14,218.95,117784618,52.9986079767867,53.8874887521949,52.5917088752375,53.0300942167876,471138472,0.0,1.0
2019-10-04,227.01,228.22,215.13,220.9,163381242,54.9822410968392,55.2753053306931,52.1048831644554,53.5023878168001,653524968,0.0,1.0
2019-10-11,236.21,237.64,224.33,226.27,150154587,57.2104980815135,57.5568467215227,54.3331401491297,54.8030117306806,600618348,0.0,1.0
2019-10-18,236.41,238.13,233.2,234.9,108261581,57.2589384507456,57.6755256261412,56.4814705245712,56.8932136630436,433046324,0.0,1.0
2019-10-25,246.58,246.73,237.32,237.52,100713664,59.7221312261954,59.7584615031194,57.4793421307514,57.5277824999835,402854656,0.0,1.0
2019-11-01,255.82,255.93,237.26,247.42,163067611,61.9600762847161,61.9867184877938,57.4648100199818,59.92558077697,652270444,0.0,1.0
2019-11-08,260.14,260.44,255.37,257.33,106014081,63.1933940765733,63.2662702902389,61.851085453944,62.3258010724181,424056324,0.77,1.0
2019-11-15,265.76,265.78,258.28,258.3,115661500,64.5586084792424,64.5634668934868,62.7415615518465,62.7464199660909,462646000,0.0,1.0
2019-11-22,261.78,268.0,260.4,265.8,114060454,63.591784044612,65.1027508746123,63.2565534617502,64.5683253077312,456241816,0.0,1.0
2019-11-29,267.25,268.0,262.5,262.71,75404884,64.9205603404483,65.1027508746123,63.7666869574094,63.8177003069754,301619536,0.0,1.0
2019-12-06,270.71,271.0,256.29,267.27,115090042,65.761066004725,65.8315130112684,62.2581493345313,64.9254187546927,460360168,0.0,1.0
2019-12-13,275.15,275.3,264.91,270.0,142408267,66.839633966976,66.8760720738088,64.3521258738565,65.5885922990497,569633068,0.0,1.0
2019-12-20,279.44,282.65,276.98,277.0,183341280,67.8817638223943,68.6615393086163,67.2841788703363,67.2890372845806,733365120,0.0,1.0
2019-12-27,289.8,293.97,280.37,280.53,96724537,70.39842240098,71.411401770932,68.1076800847577,68.1465473987126,386898148,0.0,1.0
2020-01-03,297.43,300.6,285.22,289.46,131852981,72.2519074352087,73.021966092942,69.2858455390184,70.3158293588257,527411924,0.0,1.0
2020-01-10,310.33,312.67,292.75,293.79,168452059,75.38558462283,75.9540190894218,71.1150385020252,71.3676760427327,673808236,0.0,1.0
2020-01-17,318.73,318.74,309.55,311.64,162824452,77.4261186054671,77.4285478125893,75.1961064672994,75.7038107558365,651297808,0.0,1.0
2020-01-24,318.31,323.33,315.65,317.19,115445527,77.3240919063352,78.5435538816731,76.6779228118335,77.0520207086503,461782108,0.0,1.0
2020-01-31,309.51,327.85,304.88,310.06,216776323,75.1863896388107,79.6415555009017,74.0616667412381,75.3199960305309,867105292,0.0,1.0
2020-02-07,320.03,325.22,302.22,304.3,163134650,77.9289644797598,79.0026740277665,73.4154976467363,73.9207727281512,652538600,0.77,1.0
2020-02-14,324.95,327.22,313.85,314.18,123065907,79.1270099918694,79.6797667627004,76.4241024340612,76.5044591452393,492263628,0.0,1.0
2020-02-21,313.05,324.65,310.5,315.36,119254440,76.2292982857507,79.0539584362529,75.608360063011,76.7917952639973,477017760,0.0,1.0
2020-02-28,273.36,304.18,256.37,297.26,349768234,66.5645774776963,74.0694072913581,62.4274243779521,72.3843514084723,1399072936,0.0,1.0
2020-03-06,289.03,304.0,277.72,282.28,323450224,70.3803037327281,74.0255763579883,67.6262600859885,68.7366437313583,1293800896,0.0,1.0
2020-03-13,277.97,286.44,248.0,263.75,404405247,67.6871363823355,69.7496253025729,60.3892859762536,64.2244926461165,1617620988,0.0,1.0
2020-03-20,229.24,259.08,228.0,241.95,405065837,55.8211286983725,63.0873234303539,55.5191822684912,58.9160796046555,1620263348,0.0,1.0
2020-03-27,247.74,258.68,212.61,228.08,346165813,60.3259746280527,62.9899213561987,51.771637465368,55.5386626833222,1384663252,0.0,1.0
2020-04-03,241.41,262.49,236.9,250.74,209252759,58.7845868045459,63.9176761125274,57.6863784184455,61.056490184217,837011036,0.0,1.0
2020-04-10,267.99,271.7,249.38,250.9,183929846,65.2569546321621,66.160358869952,60.7253231320892,61.0954510138791,735719384,0.0,1.0
2020-04-17,282.8,288.25,265.83,268.31,207386812,68.8632664277601,70.1903696881254,64.7309834317237,65.3348762914863,829547248,0.0,1.0
2020-04-24,282.97,283.01,265.43,277.95,169846750,68.9046623092761,68.9144025166916,64.6335813575685,67.6822662786278,679387000,0.0,1.0
2020-05-01,289.07,299.0,278.2,281.8,197513427,70.3900439401436,72.8080504310477,67.7431425749748,68.619761242372,790053708,0.0,1.0
2020-05-08,310.13,310.35,286.32,289.17,168228968,75.7179373964357,75.7716501821295,69.7204046803263,70.4143944586825,672915872,0.82,1.0
2020-05-15,307.71,319.69,300.21,308.1,208536826,75.127096753804,78.0520020838568,73.2959790596974,75.2223148738975,834147304,0.0,1.0
2020-05-22,318.89,320.89,310.32,313.17,133274690,77.8566828631521,78.3449809149139,75.764325711353,76.4601504351135,533098760,0.0,1.0
2020-05-29,317.94,324.24,313.09,323.5,131465363,77.6247412885653,79.1628801516148,76.4406185130431,78.982209872463,525861452,0.0,1.0
2020-06-05,331.5,331.75,317.21,317.75,124490802,80.93540207951,80.9964393359802,77.4465124996723,77.578352973648,497963208,0.0,1.0
2020-06-12,338.8,354.77,327.32,330.25,202956789,82.7176899684404,86.6167499117579,79.9148591513279,80.6302157971589,811827156,0.0,1.0
2020-06-19,349.72,356.56,332.58,333.25,194985086,85.3837973310595,87.0537766680847,81.1990830274613,81.3626628748015,779940344,0.0,1.0
2020-06-26,353.63,372.38,351.15,351.34,220750873,86.3384200222537,90.9162142575201,85.7329304380692,85.7793187529865,883003492,0.0,1.0
2020-07-03,364.11,370.47,351.28,353.25,124222310,88.8971018134853,90.4498896180877,85.7646698114337,86.245643392419,496889240,0.0,1.0
2020-07-10,383.68,385.27,369.87,370.0,141212101,93.675098249974,94.0632952011246,90.3034002025591,90.3351395759236,564848404,0.0,1.0
2020-07-17,385.31,399.82,375.51,389.06,179660754,94.0730611621598,97.6156635276913,91.6804007085273,94.9886200092131,718643016,0.0,1.0
2020-07-24,370.46,397.0,356.58,385.67,165885792,90.4474481278288,96.9271632747073,87.0586596486023,94.160954811477,663543168,0.0,1.0
2020-07-31,425.04,425.66,372.99,374.84,211898609,103.773101960407,103.924474356453,91.0651451633075,91.5168208611871,847594436,0.0,1.0
2020-08-07,444.45,457.65,431.57,432.8,250852555,108.712236753977,111.734801694382,105.367395099409,105.667698401243,1003410220,0.82,1.0
2020-08-14,459.63,464.17,436.4267,450.4,235474473,112.425256787559,113.53573840498,106.749741784581,110.167603631435,941897892,0.0,1.0
2020-08-21,497.48,499.472,455.8501,464.25,208464758,121.683346923993,122.170589078597,111.500695231239,113.555306362997,833859032,0.0,1.0
2020-08-28,499.23,515.14,492.21,514.79,265909531,122.111396005598,126.002973656078,120.394307689673,125.917363839757,1063638124,0.0,1.0
2020-09-04,120.96,137.98,110.89,127.58,1166301669,118.347010082224,134.999342354044,108.494543221046,124.824004185599,1166301669,0.0,4.0
2020-09-11,112.0,120.5,110.0,113.95,771441734,109.580564890948,117.89694704785,107.623769089324,111.488440797531,771441734,0.0,1.0
2020-09-18,106.84,118.829,106.09,114.72,944934651,104.532031722758,116.262044155593,103.798233297149,112.241807181157,944934651,0.0,1.0
2020-09-25,112.28,112.86,103.1,104.54,847212649,109.854516303175,110.421987085646,100.872823573721,102.28171655089,847212649,0.0,1.0
2020-10-02,113.02,117.72,112.22,115.01,641240539,110.578530749776,115.177000883593,109.795812429126,112.525542572392,641240539,0.0,1.0
2020-10-09,116.97,117.0,112.25,113.91,548575054,114.443202457984,114.472554395008,109.825164366151,111.449304881499,548575054,0.0,1.0
2020-10-16,119.02,125.39,118.15,120.06,881572555,116.448918154648,122.681312782821,115.597711980942,117.466451971493,881572555,0.0,1.0
2020-10-23,115.04,120.419,114.28,119.96,519569644,112.554894509416,117.817696817884,111.811312104799,117.368612181412,519569644,0.0,1.0
2020-10-30,108.86,117.28,107.72,114.01,684767901,106.508395482398,114.746505807235,105.393021875472,111.54714467158,684767901,0.0,1.0
2020-11-06,118.69,119.62,107.32,109.11,609571825,116.326618417047,117.035956895135,105.001662715147,106.752994957601,609571825,0.205,1.0
2020-11-13,119.26,121.99,114.13,120.5,589872919,116.885268450729,119.560908085732,111.857418147591,118.100577295932,589872919,0.0,1.0
2020-11-20,117.34,120.99,116.81,118.92,389493361,115.003499916221,118.580820307343,114.484053393675,116.552038606076,389493361,0.0,1.0
2020-11-27,116.59,117.6202,112.59,117.18,364376131,114.268434082429,115.278120511726,110.348082968871,114.846685871679,364376131,0.0,1.0
2020-12-04,122.25,123.78,116.81,116.97,541563385,119.815730908113,121.315265209049,114.484053393675,114.640867438217,541563385,0.0,1.0
2020-12-11,122.41,125.95,120.15,122.31,452278651,119.972544952656,123.442055688154,117.757546573495,119.874536174817,452278651,0.0,1.0
2020-12-18,126.655,129.58,121.54,122.6,621758148,124.133017571919,126.999774323708,119.119868585457,120.15876163055,621758148,0.0,1.0
2020-12-25,131.97,134.405,123.449,125.02,433757134,129.342184114059,131.728697854437,120.990856154402,122.530574054252,433757134,0.0,1.0
2021-01-01,132.69,138.789,131.72,133.99,439740666,130.047847314499,136.025402674897,129.097162169462,131.321961426406,439740666,0.0,1.0
2021-01-08,132.05,133.6116,126.382,133.52,610791157,129.42059113633,130.951096211063,123.865453608419,130.861320170563,610791157,0.0,1.0
2021-01-15,127.14,131.45,126.86,129.19,481518252,124.608360144438,128.832538469296,124.333935566489,126.617540090136,481518252,0.0,1.0
2021-01-22,139.07,139.85,126.938,127.78,430065722,136.300807340624,137.065275807768,124.410382413203,125.235616322607,430065722,0.0,1.0
2021-01-29,131.96,145.09,130.21,143.07,716990967,129.332383236275,142.200935766529,127.617229624094,140.221158454182,716990967,0.0,1.0
2021-02-05,136.76,137.42,130.93,133.75,438264070,134.237722567114,134.885550125569,128.322892824534,131.086740359592,438264070,0.205,1.0
2021-02-12,135.37,137.877,133.6921,136.03,344357350,132.873358466732,135.334121631954,131.226404132896,133.521186025187,344357350,0.0,1.0
2021-02-19,129.87,136.01,127.41,135.49,362474097,127.474795479608,133.501554887052,125.060165489003,132.991145295542,362474097,0.0,1.0
2021-02-26,121.26,129.72,118.39,128.01,680391444,119.023590512491,127.327561943595,116.206522190119,125.649099633053,680391444,0.0,1.0
2021-03-05,121.42,128.72,117.57,123.75,663456753,119.180639617571,126.346005036845,115.401645526584,121.467667210298,663456753,0.0,1.0
2021-03-12,121.03,123.21,116.21,120.93,586977280,118.797832423939,120.937626480653,114.066728133404,118.699676733264,586977280,0.0,1.0
2021-03-19,119.99,127.22,119.675,121.41,626770404,117.777013240919,124.873669676721,117.467822815293,119.170824048504,626770404,0.0,1.0
2021-03-26,121.21,124.24,118.92,120.33,488825826,118.974512667154,121.948630094606,116.726747350696,118.110742589214,488825826,0.0,1.0
2021-04-02,123.0,124.18,118.86,121.65,359904082,120.731499530236,121.889736680201,116.667853936291,119.406397706124,359904082,0.0,1.0
2021-04-09,132.995,133.04,123.07,123.87,447820438,130.542160813201,130.586330874005,120.800208513708,121.585454039108,447820438,0.0,1.0
2021-04-16,134.16,135.0,130.63,132.52,444178798,131.685674609565,132.510182411235,128.220778728738,130.075921282495,444178798,0.0,1.0
2021-04-23,134.32,135.53,131.3001,133.51,421246935,131.842723714645,133.030407571812,128.878520011951,131.047662620177,421246935,0.0,1.0
2021-04-30,131.46,137.07,131.065,134.83,501621389,129.03547096134,134.542005208207,128.647755983174,132.343317737087,501621389,0.0,1.0
2021-05-07,130.21,134.07,126.7,132.04,453802325,128.024467347388,131.597334487957,124.363260085211,129.604773967255,453802325,0.22,1.0
2021-05-14,127.45,129.54,122.25,129.41,514165627,125.31079305295,127.36571308026,120.198073367776,127.23789508813,514165627,0.0,1.0
2021-05-21,125.43,128.0,122.86,126.82,386352101,123.324698098324,125.851561481189,120.79783471546,124.691367398784,386352101,0.0,1.0
2021-05-28,124.61,128.32,124.55,126.01,357615057,122.518461532586,126.166190384892,122.459468613141,123.894962986286,357615057,0.0,1.0
2021-06-04,125.89,126.16,123.13,125.08,278314493,123.776977147398,124.042445284897,121.063302852959,122.980572734899,278314493,0.0,1.0
2021-06-11,127.35,128.46,124.8321,126.17,327048055,125.212471520542,126.303840530262,122.736833656062,124.052277438138,327048055,0.0,1.0
2021-06-18,130.46,132.55,127.07,127.82,456667151,128.270271178406,130.325191205716,124.937171229802,125.674582722856,456667151,0.0,1.0
2021-06-25,133.11,134.64,129.21,130.3,354155878,130.875791787196,132.380111233026,127.041252023316,128.112956726554,354155878,0.0,1.0
2021-07-02,139.96,140.0,133.35,133.41,321360130,137.610816757088,137.65014537005,131.111763464973,131.170756384417,321360130,0.0,1.0
2021-07-09,145.11,145.65,140.07,140.07,418559640,142.674375676057,143.205311951056,137.718970442735,137.718970442735,418559640,0.0,1.0
2021-07-16,146.39,150.0,143.63,146.21,504249326,143.932891290869,147.482298610768,141.219216996431,143.755912532536,504249326,0.0,1.0
2021-07-23,148.56,148.7177,141.67,143.75,441563639,146.066468544105,146.221521600711,139.29211496125,141.33720283532,441563639,0.0,1.0
2021-07-30,145.86,149.83,142.54,148.27,420947531,143.411787169111,147.315152005676,140.147512293193,145.781336100124,420947531,0.0,1.0
2021-08-06,146.14,148.045,145.18,146.36,284559337,143.903394831147,145.560112652208,142.743200748742,143.903394831147,284559337,0.22,1.0
2021-08-13,149.1,149.4444,145.3,146.2,299050639,146.81809339896,147.157222516107,143.076250642984,143.962476558873,299050639,0.0,1.0
2021-08-20,148.19,151.68,144.5,148.535,429624447,145.92202052845,149.358607691175,142.288494273305,146.261740462874,429624447,0.0,1.0
2021-08-27,148.6,150.86,146.83,148.31,272129118,146.325745667911,148.551157412254,144.582834699995,146.040183983902,272129118,0.0,1.0
2021-09-03,154.3,154.98,148.61,149.0,386760934,151.938509801875,152.608102716102,146.335592622532,146.71962385275,386760934,0.0,1.0
2021-09-10,148.97,157.26,148.7,154.97,354897433,146.690082988887,154.853208369688,146.42421521412,152.598255761481,354897433,0.0,1.0
2021-09-17,146.06,151.42,145.76,150.63,492884912,143.824619194179,149.10258687103,143.529210555549,148.324677455971,492884912,0.0,1.0
2021-09-24,146.92,147.4701,141.27,143.8,394033205,144.671457291584,145.213138265285,139.107927930725,141.599207449835,394033205,0.0,1.0
2021-10-01,142.65,145.96,139.1101,145.47,441421358,140.466807668422,143.726149647969,136.981084202137,143.243648871541,441421358,0.0,1.0
2021-10-08,142.9,144.215,138.27,141.76,382910000,140.712981533946,142.007856066606,136.153841544428,139.590428707153,382910000,0.0,1.0
2021-10-15,144.84,144.895,139.2,142.27,354098233,142.623290730418,142.677448980834,137.06960832418,140.092623392824,354098233,0.0,1.0
2021-10-22,148.69,150.18,143.16,143.445,340691290,146.414368259499,147.881564498027,140.969002354092,141.24964056079,340691290,0.0,1.0
2021-10-29,149.8,153.165,146.4128,148.68,392739936,147.507380222429,150.820880452392,144.172019753208,146.404521304878,392739936,0.0,1.0
2021-11-05,151.28,152.43,147.8,148.985,322688958,149.181362507998,150.09712928775,145.537989298231,146.704853420819,322688958,0.22,1.0
2021-11-12,149.99,151.57,147.48,151.41,281026556,147.909258081535,149.467339472086,145.434078150975,149.309559078106,281026556,0.0,1.0
2021-11-19,160.55,161.02,149.34,150.37,462419283,158.322764084208,158.786243991524,147.268275230991,148.283986517237,462419283,0.0,1.0
2021-11-26,156.81,165.7,156.36,161.68,359933163,154.634647374928,163.401320515436,154.19089001686,159.437088116691,359933163,0.0,1.0
2021-12-03,161.84,170.3,157.8,159.37,669981566,159.594868510671,167.937506842359,155.610913562679,157.159133678606,669981566,0.0,1.0
2021-12-10,179.45,179.63,164.28,164.29,569227705,176.960573123084,177.138076066312,162.001019518865,162.010880793488,569227705,0.0,1.0
2021-12-17,171.14,182.13,169.69,181.115,769789942,168.765853910753,179.603394722248,167.33596909031,178.602475347938,769789942,0.0,1.0
2021-12-24,176.28,176.8499,167.46,168.28,359176889,173.834549067357,174.396543108165,165.136904849215,165.945529368362,359176889,0.0,1.0
2021-12-31,177.57,181.33,177.07,177.085,337847299,175.10665349382,178.814492752348,174.613589762633,174.628381674569,337847299,0.0,1.0
2022-01-07,172.17,182.94,171.03,177.83,482162362,169.781565196999,180.402157966771,168.657379889892,175.363046634038,482162362,0.0,1.0
2022-01-14,173.07,177.18,168.17,169.08,422454950,170.669079913136,174.722063783494,165.837055347501,166.734431338262,422454950,0.0,1.0
2022-01-21,162.41,172.54,162.3,171.51,397684401,160.156961164225,170.146432358077,160.048487143363,169.130721071832,397684401,0.0,1.0
2022-01-28,170.33,170.35,154.7,160.02,688670659,167.96709066623,167.986813215477,152.553918429318,157.80011652915,688670659,0.0,1.0
2022-02-04,172.39,176.2399,169.51,170.16,458553231,170.215461280443,173.795005356116,167.158466147083,167.799448997626,458553231,0.22,1.0
2022-02-11,168.64,176.65,168.04,172.86,412902045,166.512764025373,174.421725362204,165.920332464561,170.679532669746,412902045,0.0,1.0
2022-02-18,167.3,173.34,166.19,167.37,364011266,165.189666872894,171.153477918395,164.093668485393,165.258783888322,364011266,0.0,1.0
2022-02-25,164.85,166.69,152.0,164.98,413588646,162.770571332914,164.587361452736,150.082662072205,162.898931504423,413588646,0.0,1.0
2022-03-04,163.17,168.91,161.97,163.06,418753837,161.111762962643,166.779358227738,159.92689984102,161.003150509827,418753837,0.0,1.0
2022-03-11,154.73,165.02,154.5,163.36,521334165,152.778225673896,162.938426941811,152.551126908919,161.299366290233,521334165,0.0,1.0
2022-03-18,163.98,164.48,150.1,151.45,501667481,161.911545569738,162.405238537081,148.206628796302,149.539599808128,501667481,0.0,1.0
2022-03-25,174.72,175.28,163.015,163.51,438484780,172.516070508261,173.069006631685,160.958718142766,161.447474180436,438484780,0.0,1.0
2022-04-01,174.31,179.61,171.94,172.17,465395123,172.11124227504,177.344387728873,169.771137609835,169.998236374813,465395123,0.0,1.0
2022-04-08,170.09,178.49,169.2,174.57,390677922,167.944473630667,176.238515482025,167.065700148796,172.367962618058,390677922,0.0,1.0
2022-04-15,165.29,171.27,165.04,168.71,297460188,163.205021144176,169.109589033596,162.958174660505,166.581881040801,297460188,0.0,1.0
2022-04-22,161.79,171.53,161.5,163.92,376576076,159.749170372776,169.366309376614,159.462828451718,161.852302413657,376576076,0.0,1.0
2022-04-29,157.65,166.2,155.38,161.12,540082324,155.661392603178,164.10354234474,153.420026531442,159.087621796537,540082324,0.0,1.0
2022-05-06,157.28,166.48,153.27,156.71,566193362,155.523158572322,164.380010406452,151.336642209256,154.733249824574,566193362,0.23,1.0
2022-05-13,147.11,156.74,138.8,154.925,686227375,145.466759013062,154.989190454131,137.249582972014,153.194464279101,686227375,0.0,1.0
2022-05-20,137.59,149.77,132.61,145.55,548244690,136.053098855327,148.097046410076,131.128726209789,143.924184449399,548244690,0.0,1.0
2022-05-27,149.64,149.68,137.14,137.79,495921758,147.96849852977,148.008051723711,135.608125423501,136.250864825027,495921758,0.0,1.0
2022-06-03,145.38,151.74,144.46,149.07,338923395,143.756083375154,150.045041211624,142.846359914533,147.404865516125,338923395,0.0,1.0
2022-06-10,137.13,149.8697,137.06,147.03,354396344,135.598237125016,148.195632745971,135.529019035621,145.387652625181,354396344,0.0,1.0
2022-06-17,131.56,137.34,129.04,132.87,541006195,130.090454868863,135.805891393202,127.598603650639,131.3858219704,541006195,0.0,1.0
2022-06-24,141.66,141.91,133.32,133.42,315960327,140.077636338728,140.324843800854,131.830795402225,131.929678387075,315960327,0.0,1.0
2022-07-01,138.93,143.49,133.7737,142.695,373781666,137.378130852319,141.887194961486,132.27942750449,141.101075231927,373781666,0.0,1.0
2022-07-08,147.04,147.55,136.93,137.77,278295402,145.397540923666,145.901844146402,135.400471155316,136.231088228057,278295402,0.0,1.0
2022-07-15,150.17,150.86,142.1201,145.67,366480107,148.492578349476,149.174870944942,140.532596952024,144.042844031219,366480107,0.0,1.0
2022-07-22,154.09,156.28,146.7,150.74,360988692,152.368791355602,154.534328723821,145.061338775176,149.056211363122,360988692,0.0,1.0
2022-07-29,162.51,163.63,150.8,154.01,370548915,160.694738679985,161.802228110307,149.115541154032,152.289684967722,370548915,0.0,1.0
2022-08-05,165.35,167.19,159.63,161.01,322415021,163.730446314885,165.322462370973,157.846908716301,159.211493907233,322415021,0.23,1.0
2022-08-12,172.1,172.17,163.25,166.37,318856922,170.414332088247,170.48364645923,161.651015185394,164.740455720638,318856922,0.0,1.0
2022-08-19,171.52,176.15,171.3101,171.52,322647151,169.840013014388,174.424663552265,169.632168921969,169.840013014388,322647151,0.0,1.0
2022-08-26,163.62,171.05,163.56,169.69,307194601,162.017391146305,169.374616523502,161.957978828319,168.027937315832,307194601,0.0,1.0
2022-09-02,155.81,162.9,154.67,161.145,389809404,154.2838877552,161.304443330479,153.155053713476,159.566633029405,389809404,0.0,1.0
2022-09-09,157.37,157.82,152.68,156.47,313749966,155.828608022821,156.274200407712,151.184545166959,154.937423253039,313749966,0.0,1.0
2022-09-16,150.7,164.26,148.37,159.59,568337936,149.223938673439,162.651122538149,146.916760325005,158.026863788282,568337936,0.0,1.0
2022-09-23,150.43,158.74,148.56,149.31,473155533,148.956583242505,157.185189283489,147.104899331958,147.847553306776,473155533,0.0,1.0
2022-09-30,138.2,154.72,138.0,149.66,577537048,136.846372426472,153.204563978464,136.64833136652,148.194125161692,577537048,0.0,1.0
2022-10-07,140.09,147.54,137.685,138.21,435940423,138.717860443013,146.094889926206,136.336416697097,136.856274479469,435940423,0.0,1.0
2022-10-14,138.38,144.52,134.37,140.42,424188362,137.024609380428,143.104469920939,133.053886128401,139.044628191933,424188362,0.0,1.0
2022-10-21,147.27,147.8479,140.27,141.065,397216487,145.827534495271,146.399774138001,138.89609739697,139.683310610277,397216487,0.0,1.0
2022-10-28,155.74,157.5,144.13,147.185,513092901,154.214573384216,155.957334711789,142.718289854033,145.743367044792,513092901,0.0,1.0
2022-11-04,138.38,155.45,134.38,153.155,510660451,137.252356599372,153.927413847287,133.284952159442,151.654892684344,510660451,0.23,1.0
2022-11-11,149.7,150.01,134.5933,137.11,461034592,148.480111164374,148.787585008468,133.496514001202,135.992705689695,461034592,0.0,1.0
2022-11-18,151.29,153.59,146.15,148.97,382679685,150.057154429246,152.338411982205,144.959039723936,147.756059854087,382679685,0.0,1.0
2022-11-25,148.11,151.83,146.925,150.16,204025457,146.903067899502,150.592754028636,145.727724334172,148.936362674966,204025457,0.0,1.0
2022-12-02,147.81,149.13,140.355,145.14,401189067,146.605512566507,147.914756031684,139.211262541588,143.957270102854,401189067,0.0,1.0
2022-12-09,142.16,150.9199,140.0,147.77,341500071,141.001553795106,149.690070333441,138.859155397544,146.565838522108,341500071,0.0,1.0
2022-12-16,134.51,149.9692,133.73,142.7,505728804,133.41389280374,148.747117483181,132.640248937954,141.537153394497,505728804,0.0,1.0
2022-12-23,131.86,136.81,129.64,135.11,384620427,130.785487362287,135.6951503567,128.583577898126,134.00900346973,384620427,0.0,1.0
2022-12-30,129.93,131.41,125.87,131.38,307184140,128.871214720021,130.339154362795,124.844299213492,130.309398829495,307184140,0.0,1.0
2023-01-06,129.62,130.9,124.17,130.28,369948527,128.563740875926,129.833310296704,123.158152326522,129.218362608514,369948527,0.0,1.0
2023-01-13,134.76,134.92,128.12,130.465,333335284,133.661855581236,133.820551758833,127.075964210952,129.401855063861,333335284,0.0,1.0
2023-01-20,137.87,138.61,133.77,134.83,271823466,136.746512533281,137.480482354668,132.679922982353,133.731285158935,271823466,0.0,1.0
2023-01-27,145.93,147.23,137.9,138.12,338655715,144.74083247974,146.030238922717,136.776268066581,136.994475310777,338655715,0.0,1.0
2023-02-03,154.5,157.38,141.32,144.955,480249683,153.24099649229,156.097527689039,140.168398862721,143.773777647507,480249683,0.0,1.0
2023-02-10,151.01,155.23,149.22,152.575,330758787,150.007561873747,153.965047802577,148.229444293759,151.331683105573,330758787,0.23,1.0
2023-02-17,152.55,156.33,150.85,150.952,316887898,151.537339009602,155.292246524885,149.848623989502,149.949946890708,316887898,0.0,1.0
2023-02-24,146.71,151.3,145.7202,150.2,213742390,145.736106234669,150.29563678894,144.75287674826,149.202938834758,213742390,0.0,1.0
2023-03-03,151.03,151.11,143.9,147.71,274036517,150.027429109277,150.1068980514,142.944759642621,146.729468011199,274036517,0.0,1.0
2023-03-10,148.5,156.3,147.6096,153.785,313350829,147.514223814657,155.262445671589,146.629734488835,152.764140803617,313350829,0.0,1.0
2023-03-17,155.0,156.74,147.7,147.805,410519933,153.9710753621,155.699524853262,146.719534393433,146.823837379969,410519933,0.0,1.0
2023-03-24,160.25,162.14,154.15,155.07,350159914,159.186224688881,161.063678446522,153.12671785205,154.040610686457,350159914,0.0,1.0
2023-03-31,164.9,165.0,155.98,159.94,267939590,163.805356949744,163.904693127397,154.944569903099,158.878282538157,267939590,0.0,1.0
2023-04-07,164.66,166.84,161.8,164.27,200156349,163.566950123377,165.732478796212,160.725935442502,163.17953903053,200156349,0.0,1.0
2023-04-14,165.21,166.32,159.78,161.42,263326290,164.113299100468,165.215930672416,158.719344653912,160.348457967421,263326290,0.0,1.0
2023-04-21,165.02,168.16,164.03,165.09,249150510,163.924560362928,167.043716341231,162.941132204163,163.994095687285,249150510,0.0,1.0
2023-04-28,169.68,169.85,162.8,165.0,254947569,168.553626241556,168.722497743566,161.719297219032,163.904693127397,254947569,0.0,1.0
2023-05-05,173.57,174.3,164.31,169.28,360723248,172.417803552256,173.142957649123,163.219273501591,168.156281530944,360723248,0.0,1.0
2023-05-12,172.57,174.59,171.0,172.48,250061982,171.662848602094,173.431032564317,170.101101645466,171.335039215839,250061982,0.24,1.0
2023-05-19,175.16,176.39,170.4201,173.16,258634688,174.239233708888,175.462767948794,169.524250014798,172.249747139935,258634688,0.0,1.0
2023-05-26,175.43,175.77,170.52,173.98,250354916,174.507814395696,174.846027112418,169.623624868917,173.065436633205,250354916,0.0,1.0
2023-06-02,180.95,181.78,176.57,176.96,286176391,179.998797326006,180.824434252121,175.641821739999,176.029771620945,286176391,0.0,1.0
2023-06-09,180.96,184.951,177.32,182.63,347854340,180.008744758851,183.978765207196,176.387879203357,181.669966043926,347854340,0.0,1.0
2023-06-16,184.92,186.99,180.97,181.27,333836397,183.947928165377,186.007046764244,180.018692191696,180.317115177038,333836397,0.0,1.0
2023-06-23,186.68,187.56,182.5901,184.41,203677112,185.698676346056,186.574050436395,181.630275786876,183.440609090294,203677112,0.0,1.0
2023-06-30,193.97,194.48,185.23,186.83,281596832,192.950354889889,193.457673964972,184.256298583565,185.847887838727,281596832,0.0,1.0
2023-07-07,190.68,193.88,189.2,193.78,170349466,189.677649483961,192.860827994286,188.205429422936,192.761353665838,170349466,0.0,1.0
2023-07-14,190.69,191.7,186.6,189.26,250269110,189.687596916806,190.692287634127,185.619096883298,188.265114020005,250269110,0.0,1.0
2023-07-21,191.94,198.23,191.23,191.9,310914135,190.931026022402,197.187961281758,190.224758290423,190.891236291023,310914135,0.0,1.0
2023-07-28,195.83,197.2,192.25,193.41,226011789,194.800577399015,196.163375698748,191.239396440589,192.393298650582,226011789,0.0,1.0
2023-08-04,181.99,196.73,181.92,196.06,302694989,181.033330341861,195.695846355044,180.963698311948,195.029368354445,302694989,0.0,1.0
2023-08-11,177.79,183.13,176.55,182.13,332501087,177.094146935335,182.167337686165,175.859000176801,181.172594401688,332501087,0.24,1.0
2023-08-18,174.49,179.69,171.96,177.97,261498109,173.807062819881,178.98671051696,171.286964998032,177.273442432541,261498109,0.0,1.0
2023-08-25,178.61,181.55,173.735,175.07,247514268,177.91093753372,180.839430654762,173.055017817709,174.384792755324,247514268,0.0,1.0
2023-09-01,189.46,189.92,178.545,180.09,264199503,188.718471670896,189.176671274868,177.846191937507,179.385144955197,264199503,0.0,1.0
2023-09-08,178.18,189.98,173.54,188.28,305126712,177.482620512616,189.236436440604,172.860781029068,187.543090078097,305126712,0.0,1.0
2023-09-15,175.01,180.3,173.58,180.07,403746390,174.325027589589,179.594323035271,172.900624472892,179.365223233285,403746390,0.0,1.0
2023-09-22,174.79,179.695,173.86,176.48,297395196,174.105888648558,178.991690947438,173.179528579658,175.789274150109,297395196,0.0,1.0
2023-09-29,171.21,176.97,167.62,174.2,285838995,170.539900426338,176.277356336949,166.963951343162,173.518197852159,285838995,0.0,1.0
2023-10-06,177.49,177.99,170.82,171.22,260574027,176.795321106657,177.293364154453,170.151426849057,170.549861287294,260574027,0.0,1.0
2023-10-13,178.85,182.34,175.8,176.81,241839090,178.149998196663,181.626338670279,175.111935605106,176.117982561655,241839090,0.0,1.0
2023-10-20,172.88,179.075,172.64,176.75,288377600,172.203364205977,178.374117568171,171.964303543035,176.058217395919,288377600,0.0,1.0
2023-10-27,168.22,174.01,165.67,170.91,286078102,167.561603000518,173.328941493996,165.021583456758,170.241074597661,286078102,0.0,1.0
2023-11-03,176.65,177.78,167.9,169.02,310075876,175.95860878636,177.084186074379,167.242855449928,168.358471876991,310075876,0.0,1.0
2023-11-10,186.4,186.565,176.21,176.38,303653020,185.909508881326,186.074074701956,175.520330904299,175.68966554055,303653020,0.24,1.0
2023-11-17,189.69,190.96,184.21,185.82,262880715,189.190851607826,190.457509742371,183.725271625692,185.331035087596,262880715,0.0,1.0
2023-11-24,189.97,192.93,189.25,189.89,148351454,189.470114818591,192.422325903831,188.752009419479,189.390325329801,148351454,0.0,1.0
2023-12-01,191.24,192.09,188.19,189.92,216481441,190.736772953137,191.584536271534,187.694798693008,189.420246388098,216481441,0.0,1.0
2023-12-08,195.71,195.99,187.4511,189.98,251797045,195.195010639293,195.474273850059,186.957843027169,189.48008850469,251797045,0.0,1.0
2023-12-15,197.57,199.62,191.42,193.11,379414755,197.050116253667,199.094721903918,190.916299302915,192.60185225361,379414755,0.0,1.0
2023-12-22,193.6,197.68,192.97,196.09,231859933,193.09056287245,197.159826800754,192.462220648227,195.574010711047,231859933,0.0,1.0
2023-12-29,192.53,194.66,191.09,193.61,153541162,192.02337845988,194.147773598921,190.587167661655,193.100536558549,153541162,0.0,1.0
2024-01-05,181.18,188.44,180.17,187.15,275083628,180.703244737761,187.944140845478,179.695902441784,186.657535338735,275083628,0.0,1.0
2024-01-12,185.92,187.05,181.5,182.085,238385377,185.430771948584,186.557798477747,181.022402692922,181.605863329701,238385377,0.0,1.0
2024-01-19,191.56,191.95,180.3,182.16,259829213,191.055930908298,191.444904666151,179.825560361068,181.680665975442,259829213,0.0,1.0
2024-01-26,192.42,196.38,191.94,192.3,255368848,191.913667912793,195.863247607912,191.434930980052,191.793983679608,255368848,0.0,1.0
2024-02-02,185.85,192.2,179.25,192.01,325909883,185.360956145893,191.69424681862,178.778323320696,191.504746782743,325909883,0.0,1.0
2024-02-09,188.85,191.05,185.84,188.15,252715796,188.592430441899,190.54727291726,185.350982459794,187.654903948613,252715796,0.24,1.0
2024-02-16,182.31,188.67,181.35,188.415,268128941,182.061350245499,188.41267594108,181.102659574468,188.158023731588,268128941,0.0,1.0
2024-02-23,182.52,185.04,180.0,181.79,192607112,182.271063829787,184.787626841244,179.754500818331,181.542059465357,192607112,0.0,1.0
2024-03-01,179.66,183.9225,177.38,182.24,354385890,179.414964539007,183.671650981997,177.138074195308,181.991445717403,354385890,0.0,1.0
2024-03-08,170.73,176.9,168.49,176.15,393262265,170.497144026187,176.658728859793,168.260199127114,175.90975177305,393262265,0.0,1.0
2024-03-15,172.62,174.38,170.285,172.94,364748130,172.384566284779,174.142165848336,170.052750954719,172.704129841789,364748130,0.0,1.0
2024-03-22,172.28,178.67,170.06,175.57,361583938,172.045030005456,178.426314784506,169.828057828696,175.330542825968,361583938,0.0,1.0
2024-03-29,171.48,173.6,169.45,170.565,237622732,171.24612111293,173.363229678123,169.218889798145,170.332369067103,237622732,0.0,1.0
2024-04-05,169.58,171.92,168.2302,171.19,233688457,169.348712493181,171.685521003819,168.000753464266,170.956516639389,233688457,0.0,1.0
2024-04-12,176.55,178.36,167.11,169.03,321898799,176.309206219313,178.116737588652,166.882081287507,168.799462629569,321898799,0.0,1.0
2024-04-19,165.0,176.63,164.075,175.36,309416498,164.77495908347,176.389097108565,163.851220676487,175.12082924168,309416498,0.0,1.0
2024-04-26,169.3,171.34,164.77,165.515,241302722,169.069094380797,171.106312056738,164.545272776869,165.289256683033,241302722,0.0,1.0
2024-05-03,183.38,187.0,169.11,173.37,441926366,183.129890889253,186.744953627932,168.879353518822,173.133543371522,441926366,0.0,1.0
2024-05-10,183.05,185.09,180.42,182.354,300674993,183.05,185.09,180.173927986907,182.105290234588,300674993,0.25,1.0
2024-05-17,189.87,191.095,184.62,185.435,288966571,189.87,191.095,184.62,185.435,288966571,0.0,1.0
2024-05-24,189.98,192.8231,186.625,189.325,208652122,189.98,192.8231,186.625,189.325,208652122,0.0,1.0
2024-05-31,192.25,193.0,189.1,191.51,230454285,192.25,193.0,189.1,191.51,230454285,0.0,1.0
2024-06-07,196.89,196.94,192.52,192.9,245994434,196.89,196.94,192.52,192.9,245994434,0.0,1.0
2024-06-14,212.49,220.2,192.15,196.9,635755143,212.49,220.2,192.15,196.9,635755143,0.0,1.0
2024-06-21,207.49,218.95,207.11,213.37,506265358,207.49,218.95,207.11,213.37,506265358,0.0,1.0
2024-06-28,210.62,216.07,206.59,207.72,335969485,210.62,216.07,206.59,207.72,335969485,0.0,1.0
2024-07-05,226.34,226.45,211.92,212.09,216231316,226.34,226.45,211.92,212.09,216231316,0.0,1.0
2024-07-12,227.82,227.85,223.25,227.09,59085861,227.82,227.85,223.25,227.09,59085861,0.0,1.0
